// Track 1
#Aircraft: "Cessna Skylane 182S IFR"
#TailNumber: "N267QD"
#StaticCGtoGround: 3.01500
#Data: timestamp         latitude        longitude    altitude     pitch      bank   heading  onground    velocityX    velocityY    velocityZ  elevators  ailerons  rudder  throttle1 flaps  lights  parkbrake  engine1     IAS    TAS   mach  
          0.0500    48.8128397555     2.0727047235     374.093     4.258    -0.010   292.980         1      0.00000      0.00000      0.00000          0         0       0          0     1     392          1        1    0.00   0.00  0.005  
          0.2501    48.8128397555     2.0727047235     374.093     4.258    -0.010   292.980         1      0.00000      0.00000      0.00000          0         0       0          0     1     392          1        1    0.00   0.00  0.005  
          0.5002    48.8128397555     2.0727047235     374.093     4.258    -0.010   292.980         1      0.00000      0.00000      0.00000          0         0       0          0     1     392          1        1    0.00   0.00  0.005  
          0.7505    48.8128397555     2.0727047235     374.093     4.258    -0.010   292.980         1      0.00000      0.00000      0.00000          0         0       0          0     1     392          1        1    0.00   0.00  0.005  
          1.0010    48.8128397555     2.0727047235     374.093     4.258    -0.010   292.980         1      0.00000      0.00000      0.00000          0         0       0          0     1     392          1        1    0.00   0.00  0.005  
          1.2511    48.8128397555     2.0727047235     374.093     4.258    -0.010   292.980         1      0.00000      0.00000      0.00000          0         0       0          0     1     392          1        1    0.00   0.00  0.005  
          1.5011    48.8128397555     2.0727047235     374.093     4.258    -0.010   292.980         1      0.00000      0.00000      0.00000          0         0       0          0     1     392          1        1    0.00   0.00  0.005  
          1.7702    48.8128397555     2.0727047235     374.093     4.258    -0.010   292.980         1      0.00000      0.00000      0.00000          0         0       0          0     1     392          1        1    0.00   0.00  0.005  
          2.0206    48.8128397555     2.0727047235     374.093     4.258    -0.010   292.980         1      0.00000      0.00000      0.00000          0         0       0          0     1     392          1        1    0.00   0.00  0.005  
          2.2708    48.8128397555     2.0727047235     374.093     4.258    -0.010   292.980         1      0.00000      0.00000      0.00000          0         0       0          0     1     392          1        1    0.00   0.00  0.005  
          2.5209    48.8128397555     2.0727047235     374.093     4.258    -0.010   292.980         1      0.00000      0.00000      0.00000          0         0       0          0     1     392          1        1    0.00   0.00  0.005  
          2.7711    48.8128397555     2.0727047235     374.093     4.258    -0.010   292.980         1      0.00000      0.00000      0.00000          0         0       0          0     1     392          1        1    0.00   0.00  0.005  
          3.0212    48.8128397555     2.0727047235     374.093     4.258    -0.010   292.980         1      0.00000      0.00000      0.00000          0         0       0          0     1     392          1        1    0.00   0.00  0.005  
          3.2713    48.8128397555     2.0727047235     374.093     4.258    -0.010   292.980         1      0.00000      0.00000      0.00000          0         0       0          0     1     392          1        1    0.00   0.00  0.005  
          3.5215    48.8128397555     2.0727047235     374.093     4.258    -0.010   292.980         1      0.00000      0.00000      0.00000          0         0       0          0     1     392          1        1    0.00   0.00  0.005  
          3.7717    48.8128397555     2.0727047235     374.093     4.258    -0.010   292.980         1      0.00000      0.00000      0.00000          0         0       0          0     1     392          1        1    0.00   0.00  0.005  
          4.0218    48.8128397555     2.0727047235     374.093     4.258    -0.010   292.980         1      0.00000      0.00000      0.00000          0         0       0          0     1     392          1        1    0.00   0.00  0.005  
          4.2721    48.8128397555     2.0727047235     374.093     4.258    -0.010   292.980         1      0.00000      0.00000      0.00000          0         0       0          0     1     392          1        1    0.00   0.00  0.005  
          4.5223    48.8128397555     2.0727047235     374.093     4.258    -0.010   292.980         1      0.00000      0.00000      0.00000          0         0       0          0     1     392          1        1    0.00   0.00  0.005  
          4.7725    48.8128397555     2.0727047235     374.093     4.258    -0.010   292.980         1      0.00000      0.00000      0.00000          0         0       0          0     1     392          1        1    0.00   0.00  0.005  
          5.0226    48.8128397555     2.0727047235     374.093     4.258    -0.010   292.980         1      0.00000      0.00000      0.00000          0         0       0          0     1     392          1        1    0.00   0.00  0.005  
          5.2728    48.8128397555     2.0727047235     374.093     4.258    -0.010   292.980         1      0.00000      0.00000      0.00000          0         0       0          0     1     392          1        1    0.00   0.00  0.005  
          5.5229    48.8128397555     2.0727047235     374.093     4.258    -0.010   292.980         1      0.00000      0.00000      0.00000          0         0       0          0     1     392          1        1    0.00   0.00  0.005  
          5.7730    48.8128397555     2.0727047235     374.093     4.258    -0.010   292.980         1      0.00000      0.00000      0.00000          0         0       0          0     1     392          1        1    0.00   0.00  0.005  
          6.0231    48.8128397555     2.0727047235     374.093     4.258    -0.010   292.980         1      0.00000      0.00000      0.00000          0         0       0          0     1     392          1        1    0.00   0.00  0.005  
          6.2733    48.8128397555     2.0727047235     374.093     4.258    -0.010   292.980         1      0.00000      0.00000      0.00000          0         0       0          0     1     392          1        1    0.00   0.00  0.005  
          6.5233    48.8128397555     2.0727047235     374.093     4.258    -0.010   292.980         1      0.00000      0.00000      0.00000          0         0       0          0     1     392          1        1    0.00   0.00  0.005  
          6.7734    48.8128397555     2.0727047235     374.093     4.258    -0.010   292.980         1      0.00000      0.00000      0.00000          0         0       0          0     1     392          1        1    0.00   0.00  0.005  
          7.0241    48.8128397555     2.0727047235     374.093     4.258    -0.010   292.980         1      0.00000      0.00000      0.00000          0         0       0          0     1     392          1        1    0.00   0.00  0.005  
          7.2742    48.8128397555     2.0727047235     374.093     4.258    -0.010   292.980         1      0.00000      0.00000      0.00000          0         0       0          0     1     392          1        1    0.00   0.00  0.005  
          7.5242    48.8128397555     2.0727047235     374.093     4.258    -0.010   292.980         1      0.00000      0.00000      0.00000          0         0       0          0     1     392          0        1    0.00   0.00  0.005  
          7.7742    48.8128397555     2.0727047235     374.093     4.258    -0.010   292.980         1      0.00000      0.00000      0.00000          0         0       0          0     1     392          0        1    0.00   0.00  0.005  
          8.0242    48.8128397555     2.0727047235     374.093     4.258    -0.010   292.980         1      0.00000      0.00000      0.00000          0         0      79          0     1     392          0        1    0.00   0.00  0.005  
          8.2742    48.8128397555     2.0727047235     374.093     4.258    -0.010   292.980         1      0.00000      0.00000      0.00000          0         0      94          0     1     392          0        1    0.00   0.00  0.005  
          8.5242    48.8128397566     2.0727047198     374.095     4.277     0.000   292.980         1     -0.01793      0.04172      0.00761          0         0     114       7071     1     392          0        1    0.00   0.00  0.005  
          8.7742    48.8128398144     2.0727045131     374.104     3.849     0.000   292.980         1     -0.32625      0.04350      0.13834          0         0      28      16288     1     392          0        1    0.00   0.00  0.005  
          9.0242    48.8128399505     2.0727040264     374.119     2.694     0.000   292.980         1     -0.55483      0.05846      0.23527          0         0       6      16288     1     392          0        1    0.00   0.00  0.005  
          9.2742    48.8128401654     2.0727032584     374.126     2.163     0.000   292.980         1     -0.91265      0.00775      0.38689          0         0       0      16288     1     392          0        1    0.00   0.00  0.005  
          9.5242    48.8128405110     2.0727020226     374.123     2.213     0.003   292.979         1     -1.44055     -0.02449      0.61096          0         0       0      16288     1     392          0        1    0.00   0.00  0.004  
          9.7742    48.8128410053     2.0727002553     374.117     2.255     0.000   292.980         1     -1.94929     -0.02037      0.82658          0         0       0      16288     1     392          0        1    0.00   0.00  0.004  
         10.0243    48.8128416292     2.0726980251     374.111     2.231     0.000   292.979         1     -2.29929     -0.02788      0.97508          0         0       0      16288     1     392          0        1    0.00   0.00  0.003  
         10.2743    48.8128423219     2.0726955483     374.104     2.228     0.000   292.980         1     -2.43276     -0.03184      1.03151          0         0       0      16288     1     392          0        1    0.00   0.00  0.003  
         10.5243    48.8128430315     2.0726930118     374.096     2.230     0.000   292.979         1     -2.43291     -0.03111      1.03145          0         0       0      16288     1     392          0        1    0.00   0.00  0.003  
         10.7743    48.8128437380     2.0726904855     374.088     2.237     0.000   292.980         1     -2.42503     -0.03032      1.02797          0         0       0      16288     1     392          0        1    0.00   0.00  0.003  
         11.0243    48.8128444439     2.0726879617     374.081     2.247     0.000   292.980         1     -2.42774     -0.02892      1.02892          0         0       0      16288     1     392          0        1    0.00   0.00  0.003  
         11.2743    48.8128451527     2.0726854280     374.074     2.255     0.000   292.978         1     -2.44488     -0.02757      1.03691          0         0       0      16288     1     392          0        1    0.00   0.00  0.003  
         11.5243    48.8128458683     2.0726828693     374.067     2.263     0.000   292.980         1     -2.47398     -0.02628      1.04912          0         0       0      16288     1     392          0        1    0.00   0.00  0.003  
         11.7744    48.8128465771     2.0726803351     374.060     2.262     0.000   292.979         1     -2.34613     -0.02602      0.99502          0         0       0      16288     1     392          0        1    0.00   0.00  0.003  
         12.0244    48.8128472141     2.0726780577     374.055     2.253     0.008   292.979         1     -2.01407     -0.02046      0.85431          0         0       0      16288     1     392          0        1    0.00   0.00  0.003  
         12.2744    48.8128477511     2.0726761376     374.050     2.260     0.000   292.979         1     -1.69452     -0.01601      0.71917          0         0       0      16288     1     392          0        1    0.00   0.00  0.004  
         12.5244    48.8128482227     2.0726744515     374.047     2.278    -0.009   292.979         1     -1.57946     -0.01277      0.67028          0         0       0      16288     1     392          0        1    0.00   0.00  0.004  
         12.7744    48.8128486716     2.0726728466     374.043     2.285     0.000   292.980         1     -1.47343     -0.01262      0.62320          0         0       0      16288     1     392          0        1    0.00   0.00  0.004  
         13.0244    48.8128490626     2.0726714479     374.041     2.274    -0.004   292.979         1     -1.19639     -0.00908      0.50742          0         0       0      16288     1     392          0        1    0.00   0.00  0.004  
         13.2744    48.8128493649     2.0726703687     374.039     2.274    -0.013   292.980         1     -0.88916     -0.00659      0.37934          0         0       0      16288     1     392          0        1    0.00   0.00  0.004  
         13.5244    48.8128495903     2.0726695628     374.037     2.286    -0.013   292.979         1     -0.72731     -0.00459      0.30827          0         0       0      16288     1     392          0        1    0.00   0.00  0.005  
         13.7744    48.8128497857     2.0726688639     374.036     2.292     0.000   292.979         1     -0.61589     -0.00488      0.26103          0         0       0      16288     1     392          0        1    0.00   0.00  0.005  
         14.0245    48.8128499349     2.0726683297     374.035     2.374    -0.010   292.979         1     -0.47568     -0.00961      0.20158          0         0       0      16288     1     392          0        1    0.00   0.00  0.005  
         14.2745    48.8128500684     2.0726678520     374.031     2.590     0.000   292.979         1     -0.45704     -0.01262      0.19342          0         0       0      16288     1     392          0        1    0.00   0.00  0.005  
         14.5246    48.8128502051     2.0726673628     374.030     2.618    -0.013   292.979         1     -0.48879     -0.00018      0.20716          0         0       0      16288     1     392          0        1    0.00   0.00  0.005  
         14.7747    48.8128503526     2.0726668349     374.031     2.489    -0.014   292.979         1     -0.50557      0.00537      0.21403          0         0       0      16288     1     392          0        1    0.00   0.00  0.005  
         15.0247    48.8128504939     2.0726663294     374.031     2.489     0.000   292.979         1     -0.47654     -0.00508      0.20178          0         0       0      16288     1     392          0        1    0.00   0.00  0.005  
         15.2747    48.8128506290     2.0726658459     374.029     2.578    -0.003   292.978         1     -0.46134     -0.00670      0.19541          0         0       0      16288     1     392          0        1    0.00   0.00  0.005  
         15.5247    48.8128507644     2.0726653612     374.028     2.605    -0.014   292.978         1     -0.47191     -0.00168      0.19987          0         0       0      16288     1     392          0        1    0.00   0.00  0.005  
         15.7747    48.8128509070     2.0726648504     374.029     2.540     0.000   292.979         1     -0.49532      0.00271      0.20985          0         0       0      16288     1     392          0        1    0.00   0.00  0.005  
         16.0247    48.8128510475     2.0726643475     374.029     2.517    -0.001   292.978         1     -0.47765     -0.00220      0.20223          0         0       0      16288     1     392          0        1    0.00   0.00  0.005  
         16.2747    48.8128511847     2.0726638564     374.028     2.578    -0.003   292.978         1     -0.47916     -0.00453      0.20294          0         0       0      16288     1     392          0        1    0.00   0.00  0.005  
         16.5247    48.8128513712     2.0726631886     374.024     2.901    -0.016   292.978         1     -0.79982     -0.02019      0.33888          0         0       0      16288     1     392          0        1    0.00   0.00  0.005  
         16.7751    48.8128516963     2.0726620265     374.019     3.315    -0.014   292.979         1     -1.42382     -0.02034      0.60330          0         0       0      16288     1     392          0        1    0.00   0.00  0.004  
         17.0251    48.8128522224     2.0726601446     374.015     3.560     0.000   292.978         1     -2.21171     -0.00995      0.93723          0         0       0      16288     1     392          0        1    0.00   0.00  0.003  
         17.2751    48.8128529920     2.0726573924     374.013     3.671    -0.007   292.978         1     -3.08823     -0.00556      1.30899          0         0       0      16288     1     392          0        1    0.00   0.00  0.002  
         17.5251    48.8128540248     2.0726536990     374.012     3.750    -0.014   292.978         1     -4.01910     -0.00119      1.70357          0         0       0      16288     1     392          0        1    0.00   0.00  0.002  
         17.7767    48.8128553444     2.0726489792     374.013     3.805    -0.027   292.978         1     -4.99948      0.00854      2.11904          0         0       0      16288     1     392          0        1    0.00   0.00  0.001  
         18.0267    48.8128569434     2.0726432602     374.017     3.828    -0.025   292.978         1     -5.99979      0.02428      2.54275          0         0       0      16288     1     392          0        1    0.00   0.23  0.000  
         18.2767    48.8128588465     2.0726364519     374.025     3.847    -0.035   292.978         1     -7.10779      0.04331      3.01192          0         0       0      16288     1     392          0        1    0.00   0.93  0.001  
         18.5267    48.8128610922     2.0726284173     374.040     3.864    -0.041   292.978         1     -8.36205      0.07206      3.54278          0         0       0      16288     1     392          0        1    0.00   1.72  0.003  
         18.7782    48.8128637450     2.0726189235     374.062     3.866    -0.060   292.978         1     -9.80628      0.10637      4.15378          0         0       0      16288     1     392          0        1    0.00   2.62  0.004  
         19.0282    48.8128668278     2.0726078891     374.093     3.855    -0.075   292.977         1    -11.43254      0.13883      4.84139          0         0       0      16288     1     392          0        1    0.00   3.64  0.005  
         19.2783    48.8128704101     2.0725950634     374.131     3.833    -0.092   292.977         1    -13.23537      0.16061      5.60320          0         0       0      16288     1     392          0        1    0.00   4.78  0.007  
         19.5283    48.8128745398     2.0725802731     374.171     3.799    -0.113   292.977         1    -15.22580      0.15300      6.44397          0         0       0      16288     1     392          0        1    0.00   6.04  0.009  
         19.7800    48.8128792966     2.0725632321     374.202     3.752    -0.128   292.976         1    -17.30500      0.09012      7.32211          0         0       0      16288     1     392          0        1    0.00   7.37  0.011  
         20.0300    48.8128846164     2.0725441706     374.211     3.703    -0.132   292.975         1    -19.32395     -0.03304      8.17532          0         0       0      16288     1     392          0        1    0.00   8.67  0.013  
         20.2800    48.8128905138     2.0725230390     374.183     3.681    -0.118   292.973         1    -21.27681     -0.18499      9.00238          0         0       0      16288     1     392          0        1    0.00   9.93  0.015  
         20.5300    48.8128969688     2.0724999145     374.123     3.708    -0.082   292.969         1    -23.16061     -0.28125      9.80291          0         0       0      16288     1     392          0        1    0.00  11.15  0.017  
         20.7818    48.8129040170     2.0724746767     374.055     3.782    -0.030   292.962         1    -24.99187     -0.22591     10.58381          0         0       0      16288     1     392          0        1    0.00  12.33  0.019  
         21.0318    48.8129115387     2.0724477589     374.025     3.863     0.027   292.951         1    -26.74396      0.00756     11.33208          0         0       0      16288     1     392          0        1    0.00  13.48  0.020  
         21.2818    48.8129195667     2.0724190425     374.063     3.880     0.068   292.933         1    -28.44567      0.28231     12.05695          0         0       0      16288     1     392          0        1    0.00  14.59  0.022  
         21.5318    48.8129280859     2.0723885711     374.149     3.781     0.082   292.909         1    -30.12152      0.35454     12.76509          0         0       0      16288     1     392          0        1    0.00  15.68  0.024  
         21.7834    48.8129371482     2.0723561430     374.211     3.597     0.074   292.875         1    -31.79972      0.08872     13.46700          0         0       0      16288     1     392          0        1    0.00  16.75  0.025  
         22.0334    48.8129466261     2.0723221972     374.182     3.468     0.071   292.832         1    -33.45133     -0.30739     14.15087          0         0       0      16288     1     392          0        1    0.00  17.80  0.027  
         22.2834    48.8129565660     2.0722865511     374.085     3.528     0.088   292.776         1    -35.05195     -0.38399     14.80647          0         0       0      16288     1     392          0        1    0.00  18.83  0.028  
         22.5334    48.8129669407     2.0722492844     374.034     3.739     0.107   292.708         1    -36.56435      0.03626     15.41629          0         0       0      16288     1     392          0        1    0.00  19.82  0.030  
         22.7850    48.8129777906     2.0722102241     374.106     3.863     0.092   292.625         1    -38.02892      0.47303     15.99285          0         0       0      16288     1     392          0        1    0.00  20.77  0.031  
         23.0350    48.8129889630     2.0721698891     374.213     3.711     0.024   292.533         1    -39.50509      0.26891     16.56641          0         0    1856      16288     1     392          0        1    0.00  21.71  0.033  
         23.2850    48.8130005531     2.0721280135     374.201     3.460    -0.094   292.512         1    -40.97442     -0.35448     17.22283          0         0    1522      16288     1     392          0        1    0.00  22.65  0.034  
         23.5350    48.8130126080     2.0720846482     374.085     3.480    -0.120   292.704         1    -42.36305     -0.42009     17.89096          0         0     380      16288     1     392          0        1    0.00  23.56  0.036  
         23.7873    48.8130252091     2.0720394812     374.061     3.774    -0.070   293.019         1    -43.66241      0.27811     18.49349          0         0      93      16288     1     392          0        1    0.28  24.42  0.037  
         24.0373    48.8130381116     2.0719933918     374.181     3.846    -0.037   293.312         1    -44.93370      0.51868     19.11218          0         0      22      16288     1     392          0        1    1.35  25.25  0.038  
         24.2873    48.8130514588     2.0719459466     374.229     3.506    -0.035   293.524         1    -46.26760     -0.22728     19.78612          0         0       4      16288     1     392          0        1    2.45  26.11  0.039  
         24.5373    48.8130652753     2.0718971180     374.104     3.302    -0.024   293.647         1    -47.56849     -0.56859     20.47011          0         0       0      16288     1     392          0        1    3.56  26.97  0.041  
         24.7885    48.8130796180     2.0718467628     374.055     3.586     0.044   293.688         1    -48.74331      0.28398     21.11737          0         0       0      16288     1     392          0        1    4.62  27.79  0.042  
         25.0385    48.8130943235     2.0717954439     374.193     3.756     0.100   293.652         1    -49.91385      0.57368     21.73121          0         0       0      16288     1     392          0        1    5.63  28.58  0.043  
         25.2886    48.8131094541     2.0717428273     374.223     3.416     0.063   293.548         1    -51.19354     -0.40192     22.33750          0         0       0      16288     1     392          0        1    6.68  29.39  0.044  
         25.5386    48.8131249762     2.0716889018     374.079     3.292    -0.013   293.389         1    -52.43647     -0.44013     22.87310          0         0       0      16288     1     392          0        1    7.73  30.21  0.046  
         25.7901    48.8131409192     2.0716334230     374.112     3.688    -0.011   293.182         1    -53.57157      0.65976     23.30225          0         0     163      16288     1     392          0        1    8.72  30.97  0.047  
         26.0401    48.8131570634     2.0715770667     374.258     3.692     0.000   292.958         1    -54.77063      0.19035     23.75968          0         0    1876      16288     1     392          0        1    9.67  31.71  0.048  
         26.2901    48.8131735590     2.0715194070     374.157     3.282    -0.029   292.829         1    -56.02366     -0.76569     24.28876          0         0     469      16288     1     392          0        1   10.69  32.50  0.049  
         26.5401    48.8131903793     2.0714605047     374.067     3.436     0.036   292.800         1    -57.17252      0.27602     24.70123          0         0     116      16288     1     392          0        1   11.68  33.26  0.050  
         26.7919    48.8132075865     2.0713999921     374.228     3.669     0.150   292.782         1    -58.32992      0.58070     25.09572          0         0      27      16288     1     392          0        1   12.61  33.99  0.051  
         27.0419    48.8132249741     2.0713386400     374.199     3.277     0.171   292.717         1    -59.59771     -0.73377     25.57655          0         0    1279      16288     1     392          0        1   13.59  34.75  0.052  
         27.2919    48.8132426937     2.0712760106     374.062     3.286     0.113   292.672         1    -60.74994      0.05274     26.04442          0         0     465      16288     1     392          0        1   14.59  35.53  0.054  
         27.5420    48.8132607174     2.0712122129     374.220     3.636     0.091   292.690         1    -61.85196      0.75502     26.45977          0         0     115      16288     1     392          0        1   15.52  36.24  0.055  
         27.7936    48.8132791592     2.0711467863     374.226     3.334     0.043   292.670         1    -63.10713     -0.72485     26.93547          0         0     832      16288     1     392          0        1   16.47  36.98  0.056  
         28.0436    48.8132978022     2.0710805103     374.083     3.324    -0.035   292.621         1    -64.24283      0.04165     27.39223          0         0    1423      16288     1     392          0        1   17.46  37.74  0.057  
         28.2936    48.8133167676     2.0710131207     374.238     3.601     0.000   292.702         1    -65.31532      0.67299     27.87494          0         0     356      16288     1     392          0        1   18.37  38.45  0.058  
         28.5436    48.8133360782     2.0709445197     374.204     3.231     0.090   292.784         1    -66.54468     -0.82885     28.39347          0         0     562      16288     1     392          0        1   19.33  39.19  0.059  
         28.7951    48.8133558581     2.0708742687     374.091     3.303     0.096   292.829         1    -67.62437      0.35056     28.90283          0         0    1511      16288     1     392          0        1   20.30  39.95  0.060  
         29.0451    48.8133758865     2.0708033618     374.259     3.459     0.109   292.980         1    -68.70647      0.37708     29.46095          0         0     378      16288     1     392          0        1   21.21  40.65  0.061  
         29.2951    48.8133963030     2.0707312369     374.160     3.148     0.087   293.100         1    -69.90689     -0.74805     30.02060          0         0      93      16288     1     392          0        1   22.18  41.40  0.062  
         29.5452    48.8134170775     2.0706579264     374.159     3.455    -0.011   293.130         1    -70.93589      0.76607     30.48877          0         0    2296      16288     1     392          0        1   23.11  42.12  0.063  
         29.7969    48.8134383440     2.0705830168     374.271     3.332    -0.042   293.166         1    -72.08706     -0.33828     31.06684          0         0     622      16288     1     392          0        1   24.03  42.84  0.065  
         30.0469    48.8134598672     2.0705074079     374.124     3.203     0.000   293.201         1    -73.20472     -0.20198     31.63002          0         0     318      16288     1     392          0        1   25.00  43.59  0.066  
         30.2969    48.8134817480     2.0704307054     374.239     3.432     0.043   293.219         1    -74.24792      0.54987     32.15011          0         0    3088      16288     1     392          0        1   25.91  44.30  0.067  
         30.5469    48.8135040392     2.0703528452     374.185     3.051     0.097   293.343         1    -75.39070     -0.69631     32.81909          0         0    1067      16288     1     392          0        1   26.87  45.04  0.068  
         30.7984    48.8135269250     2.0702734134     374.175     3.368     0.058   293.606         1    -76.36976      0.71157     33.44379          0         0     263      16288     1     392          0        1   27.80  45.76  0.069  
         31.0484    48.8135500735     2.0701933620     374.257     3.197    -0.008   293.818         1    -77.52406     -0.41343     34.01992          0         0     859      16288     1     392          0        1   28.72  46.47  0.070  
         31.2984    48.8135736353     2.0701121238     374.158     3.221    -0.039   293.936         1    -78.57809      0.19796     34.62596          0         0     213      16288     1     392          0        1   29.68  47.21  0.071  
         31.5484    48.8135975921     2.0700298272     374.273     3.355    -0.037   293.952         1    -79.65176      0.02753     35.18571          0         0      52      16288     1     392          0        1   30.57  47.91  0.072  
         31.7502    48.8136172151     2.0699625210     374.175     2.965     0.050   293.849         1    -80.59992     -0.58820     35.64595          0         0      15      16288     1     392          0        1   31.37  48.52  0.073  
         32.0002    48.8136418552     2.0698781098     374.226     3.368     0.129   293.605         1    -81.63131      0.71481     36.13607          0         0       3      16288     1     392          0        1   32.31  49.25  0.074  
         32.2503    48.8136668420     2.0697925245     374.215     2.987     0.081   293.268         1    -82.84076     -0.70450     36.64757          0         0     316      16288     1     392          0        1   33.26  49.99  0.075  
         32.5003    48.8136921313     2.0697057569     374.212     3.292     0.067   292.925         1    -83.89971      0.81113     37.04702          0         0    3258      16288     1     392          0        1   34.22  50.73  0.076  
         32.7519    48.8137178983     2.0696173114     374.264     3.126    -0.018   292.844         1    -85.08457     -0.78411     37.57881          0         0     862      16288     1     392          0        1   35.12  51.43  0.077  
         33.0019    48.8137438453     2.0695281965     374.182     3.113     0.081   292.908         1    -86.16512      0.67692     37.99224          0         0     215      16288     1     392          0        1   36.10  52.19  0.079  
         33.2519    48.8137700644     2.0694379324     374.283     3.174     0.137   292.980         1    -87.35272     -0.62627     38.42857          0         0      53      16288     1     392          0        1   36.98  52.87  0.080  
         33.5019    48.8137965766     2.0693464250     374.158     2.951     0.164   292.946         1    -88.48110      0.58419     38.78142          0         0      12      16288     1     392          0        1   37.97  53.63  0.081  
         33.7536    48.8138235031     2.0692531449     374.320     3.271     0.084   292.804         1    -89.65078     -0.42004     39.19820          0         0     491      16288     1     392          0        1   38.84  54.31  0.082  
         34.0036    48.8138505529     2.0691592456     374.150     2.466     0.042   292.658         1    -90.73176      1.33306     39.56404          0         0    3567      16288     1     392          0        1   39.85  55.09  0.083  
         34.2536    48.8138778946     2.0690642227     374.307     3.251     0.075   292.741         1    -91.91800     -0.50022     40.10413          0         0    2101      16288     1     392          0        1   40.72  55.77  0.084  
         34.5036    48.8139056132     2.0689679863     374.132     2.718     0.094   293.007         1    -92.97256      0.26744     40.64187          0         0    1244      16288     1     392          0        1   41.68  56.51  0.085  
         34.7552    48.8139338689     2.0688700965     374.338     3.247     0.141   293.391         1    -94.08218     -0.44747     41.17536          0         0     817      16288     1     392          0        1   42.54  57.17  0.086  
         35.0052    48.8139623077     2.0687716152     374.156     2.523     0.023   293.637         1    -95.09049      1.25606     41.67898          0         0     711      16288     1     392          0        1   43.51  57.93  0.087  
         35.2552    48.8139911019     2.0686720784     374.330     3.202     0.012   293.774         1    -96.25480     -0.57022     42.22856          0         0     566      16288     1     392          0        1   44.37  58.59  0.088  
         35.5052    48.8140202675     2.0685713713     374.166     2.547     0.000   293.748         1    -97.23699      1.17456     42.75832          0         0     649      16288     1     392          0        1   45.34  59.34  0.089  
         35.7574    48.8140500761     2.0684686795     374.315     3.192     0.116   293.632         1    -98.43252     -1.00732     43.33346          0         0     545      16288     1     392          0        1   46.22  60.02  0.090  
         36.0074    48.8140799864     2.0683657353     374.229     2.848     0.082   293.419         1    -99.38099      1.49980     43.80086          0         0     275      16288     1     392          0        1   47.18  60.77  0.091  
         36.2574    48.8141102346     2.0682617039     374.292     2.961    -0.006   293.156         1   -100.57057     -0.90159     44.33721          0         0     259      16288     1     392          0        1   48.06  61.45  0.093  
         36.5076    48.8141408074     2.0681564368     374.287     2.992     0.041   292.857         1   -101.56970      1.77733     44.62316          0         0     203      16288     1     392          0        1   48.99  62.17  0.093  
         36.7585    48.8141717490     2.0680496951     374.274     3.310    -0.051   292.544         1   -102.83661     -1.49370     45.16093          0         0     190      16288     1     392          0        1   49.87  62.85  0.095  
         37.0097    48.8142029550     2.0679416500     374.333     2.755     0.171   292.256         1   -103.81671      2.21984     45.32582          0         0     187      16288     1     392          0        1   50.82  63.58  0.096  
         37.2602    48.8142343198     2.0678327548     374.400     3.569     0.144   291.982         0   -105.09532     -1.50322     45.89392          0         0    2852      16288     1     392          0        1   51.67  64.24  0.097  
         37.5104    48.8142659434     2.0677228063     374.228     2.734     0.201   292.015         1   -106.00037      2.19571     46.10434          0         0    4128      16288     1     392          0        1   52.60  64.96  0.098  
         37.7605    48.8142978106     2.0676118788     374.482     3.545    -0.078   292.512         0   -107.17591     -0.66936     46.67588          0         0    2714      16288     1     392          0        1   53.42  65.60  0.099  
         38.0110    48.8143300670     2.0674995650     374.195     2.813     0.034   293.117         1   -108.14118      0.53403     47.09738          0         0    3108      16288     1     392          0        1   54.31  66.28  0.100  
         38.2610    48.8143625812     2.0673865043     374.334     3.038     0.089   293.849         1   -109.19881     -0.26479     47.61775          0         0     778      16288     1     392          0        1   55.15  66.93  0.101  
         38.5110    48.8143954390     2.0672723549     374.212     2.561     0.034   294.293         1   -110.20477     -0.67945     48.13038          0         0     194      16288     1     392          0        1   56.00  67.59  0.102  
         38.7619    48.8144287840     2.0671568638     374.493     3.417     0.151   294.398         0   -111.06799      0.57390     48.64577          0         0      46      16288     1     392          0        1   56.76  68.18  0.103  
         39.0119    48.8144623538     2.0670406939     374.310     3.350     0.297   294.143         1   -112.15565     -1.53460     49.16737          0         0       9      16288     1     392          0        1   57.58  68.81  0.104  
         39.2621    48.8144962934     2.0669235014     374.362     2.847     0.206   293.647         1   -112.92513      2.22495     49.59528          0         0       1      16288     1     392          0        1   58.50  69.52  0.105  
         39.5121    48.8145305306     2.0668054309     374.534     3.552     0.243   293.047         0   -114.00741     -0.67519     50.15281          0         0       0      16288     1     392          0        1   59.27  70.12  0.106  
         39.7642    48.8145654422     2.0666852452     374.185     2.688    -0.292   292.468         1   -115.00995     -1.63653     50.68866          0         0       0      16288     1     392          0        1   60.16  70.80  0.107  
         40.0142    48.8146002048     2.0665651514     374.577     3.135    -0.185   291.976         1   -115.86023      2.48029     50.80657          0         0       0      16288     1     392          0        1   60.98  71.44  0.107  
         40.2642    48.8146352368     2.0664440164     374.801     3.874    -0.136   291.613         0   -116.91345     -0.30401     51.26245          0         0       0      16288     1     392          0        1   61.66  71.96  0.108  
         40.5142    48.8146705734     2.0663218116     374.555     3.256    -0.178   291.414         0   -117.94870     -1.54572     51.69156          0         0    1732      16288     1     392          0        1   62.49  72.61  0.109  
         40.7660    48.8147064308     2.0661976414     374.197     2.290     0.364   291.521         1   -118.89933      0.59154     51.92326          0         0    3253      16288     1     392          0        1   63.42  73.33  0.110  
         41.0162    48.8147422524     2.0660733330     374.429     3.027     0.052   292.099         1   -119.84769      0.02000     52.33026          0         0     966      16288     1     392          0        1   64.16  73.90  0.111  
         41.2662    48.8147782957     2.0659480941     374.261     2.651     0.201   292.690         1   -120.84496     -0.57492     52.64227          0         0     241      16288     1     392          0        1   64.94  74.50  0.112  
         41.5170    48.8148146372     2.0658214879     374.374     2.836     0.202   293.054         1   -121.70101      0.95824     52.89957          0         0      59      16288     1     392          0        1   65.68  75.07  0.113  
         41.7671    48.8148510929     2.0656943031     374.442     2.879     0.159   293.142         0   -122.67811     -0.50324     53.28429          0         0      13      16288     1     392          0        1   66.40  75.63  0.114  
         42.0178    48.8148879107     2.0655657880     374.290     2.680     0.172   292.993         1   -123.57762     -0.06439     53.66756       1539         0       2      16288     1     392          0        1   67.19  76.24  0.115  
         42.2680    48.8149249012     2.0654366352     374.420     3.052     0.122   292.700         1   -124.35599      1.45031     53.97462       6329         0       0      16288     1     392          0        1   67.90  76.79  0.115  
         42.5183    48.8149621359     2.0653066211     374.632     4.232     0.189   292.352         0   -125.25007      0.37055     54.40448       8166         0       0      16288     1     392          0        1   68.51  77.26  0.116  
         42.7683    48.8149996232     2.0651758494     374.705     5.314     0.218   292.029         0   -126.04753      0.37789     54.80960       7752         0       0      16288     1     392          0        1   69.05  77.68  0.117  
         43.0183    48.8150373695     2.0650443207     374.881     5.719     0.217   291.786         0   -126.74161      1.10546     55.17218       6990         0       0      16288     1     392          0        1   69.62  78.11  0.118  
         43.2683    48.8150753522     2.0649120999     375.275     5.636     0.194   291.651         0   -127.38589      2.02602     55.49990       7032         0       0      16288     1     392          0        1   70.25  78.60  0.119  
         43.5183    48.8151135495     2.0647792199     375.880     5.689     0.161   291.624         0   -128.00943      2.77521     55.79723       7707         0       0      16288     1     392          0        1   70.84  79.06  0.119  
         43.7696    48.8151521505     2.0646449719     376.657     6.156     0.127   291.683         0   -128.60191      3.39604     56.06096       8287         0       0      16288     1     392          0        1   71.34  79.44  0.120  
         44.0196    48.8151907068     2.0645108736     377.592     6.818     0.100   291.792         0   -129.12517      4.09329     56.28040       7524         0       0      16288     1     392          0        1   71.74  79.76  0.120  
         44.2696    48.8152293987     2.0643762713     378.711     7.197     0.085   291.914         0   -129.57273      4.86797     56.45662       7265         0    -139      16288     1     392          0        1   72.12  80.05  0.121  
         44.5196    48.8152682055     2.0642412159     380.036     7.358     0.080   292.008         0   -129.96797      5.69190     56.60656       5656         0     -33      16288     1     392          0        1   72.50  80.34  0.121  
         44.7715    48.8153074086     2.0641047387     381.543     7.195     0.081   292.070         0   -130.34294      6.21831     56.75598       4586         0      -6      16288     1     392          0        1   72.87  80.63  0.122  
         45.0215    48.8153464177     2.0639689105     383.147     6.896     0.088   292.104         0   -130.72386      6.56468     56.91359       5188         0       0      16288     1     392          0        1   73.27  80.94  0.122  
         45.2715    48.8153855382     2.0638326802     384.814     7.064     0.095   292.113         0   -131.11037      6.75177     57.07892       6834         0       0      16288     1     392          0        1   73.60  81.20  0.122  
         45.5215    48.8154247697     2.0636960638     386.527     7.745     0.101   292.104         0   -131.45699      6.96388     57.23315       6474         0       0      16288     1     392          0        1   73.83  81.38  0.123  
         45.7730    48.8154643324     2.0635583101     388.337     8.271     0.105   292.085         0   -131.71991      7.47948     57.35785       6188         0       0      16288     1     392          0        1   74.01  81.52  0.123  
         46.0230    48.8155037355     2.0634211430     390.305     8.545     0.108   292.063         0   -131.90803      8.24887     57.45484       4461         0       0      16288     1     392          0        1   74.21  81.68  0.123  
         46.2730    48.8155432047     2.0632837846     392.464     8.501     0.107   292.045         0   -132.06094      8.99731     57.53799       2989         0       0      16288     1     392          0        1   74.43  81.85  0.123  
         46.5230    48.8155827196     2.0631463052     394.799     8.436     0.104   292.035         0   -132.20742      9.64709     57.61737       2465         0       0      16288     1     392          0        1   74.64  82.02  0.124  
         46.7746    48.8156225483     2.0630077691     397.295     8.620     0.102   292.034         0   -132.34649     10.15653     57.69196       3279         0       0      16288     1     392          0        1   74.81  82.14  0.124  
         47.0246    48.8156621629     2.0628700099     399.895     9.000     0.098   292.041         0   -132.45282     10.61760     57.75126       1770         0       0      16288     1     392          0        1   74.90  82.22  0.124  
         47.2746    48.8157018166     2.0627321448     402.608     9.143     0.098   292.052         0   -132.51840     11.07593     57.79241        442         0       0      16288     1     392          0        1   74.98  82.29  0.124  
         47.5246    48.8157414953     2.0625942226     405.440     9.037     0.096   292.065         0   -132.56893     11.53924     57.82648        109         0       0      16288     1     392          0        1   75.10  82.38  0.124  
         47.7763    48.8157814795     2.0624552660     408.388     8.993     0.094   292.078         0   -132.63181     11.81950     57.86487         26         0       0      16288     1     392          0        1   75.19  82.46  0.124  
         48.0263    48.8158212098     2.0623172167     411.366     9.051     0.095   292.088         0   -132.69765     11.97732     57.90412          5         0       0      16288     1     392          0        1   75.26  82.51  0.124  
         48.2768    48.8158610483     2.0621788168     414.388     9.134     0.095   292.096         0   -132.75387     12.12468     57.93985          0         0       0      16288     1     392          0        1   75.32  82.56  0.124  
         48.5274    48.8159009245     2.0620403146     417.450     9.210     0.096   292.101         0   -132.79694     12.29310     57.97087          0         0       0      16288     1     392          0        1   75.36  82.60  0.124  
         48.7780    48.8159408156     2.0619017904     420.556     9.278     0.098   292.104         0   -132.82821     12.47501     57.99761          0         0       0      16288     1     392          0        1   75.41  82.63  0.125  
         49.0285    48.8159806995     2.0617633235     423.707     9.347     0.098   292.106         0   -132.84871     12.66012     58.02041          0         0       0      16288     1     392          0        1   75.44  82.66  0.125  
         49.2789    48.8160205782     2.0616249080     426.902     9.420     0.097   292.107         0   -132.85857     12.84514     58.03913          0         0       0      16288     1     392          0        1   75.46  82.69  0.125  
         49.5292    48.8160604587     2.0614865212     430.142     9.488     0.096   292.109         0   -132.85854     13.02375     58.05383          0         0       0      16288     1     392          0        1   75.48  82.70  0.125  
         49.7800    48.8161004257     2.0613478691     433.433     9.542     0.091   292.112         0   -132.85008     13.19446     58.06468          0         0       0      16288     1     392          0        1   75.49  82.71  0.125  
         50.0305    48.8161403310     2.0612094652     436.759     9.588     0.088   292.116         0   -132.83512     13.35155     58.07203          0         0       0      16288     1     392          0        1   75.49  82.72  0.125  
         50.2810    48.8161802498     2.0610710459     440.122     9.629     0.081   292.120         0   -132.81496     13.49130     58.07634          0         0       0      16288     1     392          0        1   75.49  82.72  0.125  
         50.5315    48.8162201950     2.0609325655     443.521     9.666     0.073   292.124         0   -132.79056     13.61402     58.07766          0         0       0      16288     1     392          0        1   75.48  82.72  0.125  
         50.7822    48.8162601596     2.0607940449     446.951     9.698     0.066   292.129         0   -132.76275     13.72082     58.07640          0         0       0      16288     1     392          0        1   75.46  82.71  0.125  
         51.0327    48.8163000787     2.0606557063     450.401     9.724     0.054   292.132         0   -132.73235     13.81215     58.07283          0         0       0      16288     1     392          0        1   75.44  82.70  0.125  
         51.2832    48.8163400044     2.0605173665     453.873     9.745     0.046   292.135         0   -132.70013     13.88847     58.06702          0         0       0      16288     1     392          0        1   75.42  82.69  0.125  
         51.5335    48.8163798864     2.0603791955     457.360     9.761     0.035   292.137         0   -132.66686     13.95017     58.05956          0         0       0      16288     1     392          0        1   75.40  82.67  0.125  
         51.7838    48.8164197873     2.0602409751     460.862     9.772     0.030   292.138         0   -132.63331     13.99792     58.05051          0         0       0      16288     1     392          0        1   75.37  82.66  0.125  
         52.1034    48.8164707046     2.0600646098     465.346     9.780     0.016   292.139         0   -132.59081     14.04028     58.03738          0         0       0      16288     1     392          0        1   75.34  82.64  0.125  
         52.2537    48.8164946334     2.0599817307     467.458     9.782     0.000   292.138         0   -132.57117     14.05357     58.03071          0         0       0      16288     1     392          0        1   75.33  82.63  0.124  
         52.5042    48.8165345229     2.0598435751     470.982     9.783     0.013   292.137         0   -132.53965     14.06657     58.01835          0         0       0      16288     1     392          0        1   75.30  82.61  0.124  
         52.7547    48.8165744135     2.0597054179     474.509     9.779    -0.007   292.136         0   -132.50948     14.06915     58.00613          0         0       0      16288     1     392          0        1   75.27  82.59  0.124  
         53.0049    48.8166142426     2.0595674761     478.031     9.772    -0.002   292.134         0   -132.48119     14.06200     57.99400          0         0       0      16288     1     392          0        1   75.24  82.58  0.124  
         53.2550    48.8166540633     2.0594295625     481.550     9.762    -0.024   292.132         0   -132.45510     14.04603     57.98189          0         0       0      16288     1     392          0        1   75.22  82.56  0.124  
         53.5061    48.8166940162     2.0592911872     485.076     9.750    -0.027   292.130         0   -132.43166     14.02202     57.96940          0         0       0      16288     1     392          0        1   75.19  82.54  0.124  
         53.7573    48.8167339896     2.0591527339     488.598     9.735    -0.027   292.128         0   -132.41105     13.99075     57.95729          0         0       0      16288     1     392          0        1   75.17  82.53  0.124  
         54.0093    48.8167740569     2.0590139478     492.121     9.718    -0.030   292.126         0   -132.39334     13.95314     57.94582          0         0       0      16288     1     392          0        1   75.14  82.52  0.124  
         54.2598    48.8168139079     2.0588759009     495.614     9.699    -0.034   292.124         0   -132.37872     13.91027     57.93523          0         0       0      16288     1     392          0        1   75.12  82.50  0.124  
         54.5101    48.8168537231     2.0587379683     499.094     9.679    -0.036   292.121         0   -132.36722     13.86261     57.92577          0         0       0      16288     1     392          0        1   75.10  82.49  0.124  
         54.7604    48.8168935078     2.0586001299     502.559     9.657    -0.035   292.119         0   -132.35892     13.81109     57.91757          0         0       0      16288     1     392          0        1   75.09  82.48  0.124  
         55.0105    48.8169332777     2.0584623320     506.011     9.634    -0.030   292.116         0   -132.35379     13.75633     57.91077          0         0       0      16288     1     392          0        1   75.07  82.48  0.124  
         55.2605    48.8169730290     2.0583245881     509.446     9.610    -0.032   292.113         0   -132.35168     13.69909     57.90578          0         0       0      16288     1     392          0        1   75.06  82.47  0.124  
         55.5105    48.8170127822     2.0581868279     512.868     9.586    -0.026   292.111         0   -132.35273     13.64006     57.90222          0         0       0      16288     1     392          0        1   75.05  82.47  0.124  
         55.7606    48.8170525432     2.0580490312     516.276     9.561    -0.028   292.108         0   -132.35687     13.57985     57.90031          0         0       0      16288     1     392          0        1   75.04  82.47  0.124  
         56.0107    48.8170923034     2.0579112286     519.668     9.536    -0.020   292.106         0   -132.36404     13.51903     57.90006          0         0       0      16288     1     392          0        1   75.04  82.47  0.124  
         56.2607    48.8171320593     2.0577734336     523.045     9.511    -0.022   292.104         0   -132.37413     13.45797     57.90145          0         0       0      16288     1     392          0        1   75.04  82.47  0.124  
         56.5107    48.8171718167     2.0576356266     526.406     9.486    -0.012   292.102         0   -132.38697     13.39734     57.90457          0         0       0      16288     1     392          0        1   75.04  82.47  0.124  
         56.7608    48.8172115768     2.0574978047     529.753     9.462    -0.008   292.101         0   -132.40249     13.33754     57.90936          0         0       0      16288     1     392          0        1   75.04  82.48  0.124  
         57.0108    48.8172513406     2.0573599652     533.084     9.437     0.000   292.100         0   -132.42066     13.27894     57.91559          0         0       0      16288     1     392          0        1   75.05  82.49  0.124  
         57.2608    48.8172911095     2.0572221054     536.402     9.414     0.000   292.099         0   -132.44115     13.22187     57.92374          0         0       0      16288     1     392          0        1   75.05  82.50  0.124  
         57.5110    48.8173309083     2.0570841388     539.707     9.390     0.000   292.098         0   -132.46425     13.16659     57.93259          0         0       0      16288     1     392          0        1   75.06  82.51  0.124  
         57.7611    48.8173706992     2.0569461972     542.997     9.368     0.000   292.097         0   -132.48969     13.11340     57.94236          0         0       0      16288     1     392          0        1   75.08  82.53  0.124  
         58.0113    48.8174105068     2.0568081944     546.275     9.346     0.010   292.097         0   -132.51705     13.06249     57.95375          0         0       0      16288     1     392          0        1   75.09  82.54  0.124  
         58.2617    48.8174503425     2.0566700948     549.542     9.325     0.006   292.096         0   -132.54602     13.01402     57.96702          0         0       0      16288     1     392          0        1   75.11  82.56  0.124  
         58.5317    48.8174932888     2.0565212130     553.050     9.304     0.012   292.096         0   -132.57933     12.96486     57.98196          0         0       0      16288     1     392          0        1   75.13  82.58  0.124  
         58.7829    48.8175332898     2.0563825414     556.306     9.284     0.008   292.095         0   -132.61213     12.92194     57.99665          0         0       0      16288     1     392          0        1   75.15  82.60  0.124  
         59.0335    48.8175731750     2.0562442723     559.540     9.266     0.003   292.095         0   -132.64638     12.88187     58.01191          0         0       0      16288     1     392          0        1   75.17  82.62  0.125  
         59.2839    48.8176130563     2.0561060171     562.764     9.249     0.005   292.094         0   -132.68217     12.84460     58.02726          0         0       0      16288     1     392          0        1   75.19  82.64  0.125  
         59.5344    48.8176529433     2.0559677406     565.978     9.233     0.000   292.094         0   -132.71919     12.81017     58.04298          0         0       0      16288     1     392          0        1   75.22  82.66  0.125  
         59.7845    48.8176928073     2.0558295430     569.182     9.217     0.015   292.094         0   -132.75707     12.77857     58.05950          0         0       0      16288     1     392          0        1   75.24  82.68  0.125  
         60.0346    48.8177326782     2.0556913222     572.377     9.203     0.000   292.093         0   -132.79563     12.74976     58.07702          0         0       0      16288     1     392          0        1   75.27  82.71  0.125  
         60.2848    48.8177725752     2.0555530099     575.566     9.189     0.018   292.093         0   -132.83583     12.72323     58.09287          0         0       0      16288     1     392          0        1   75.29  82.73  0.125  
         60.5348    48.8178124545     2.0554147566     578.747     9.177     0.105   292.094         0   -132.87560     12.69894     58.11168          0         0       0      16288     1     392          0        1   75.32  82.76  0.125  
         60.7848    48.8178523559     2.0552764474     581.923     9.165     0.282   292.098         0   -132.90982     12.67775     58.14543          0         0       0      16288     1     392          0        1   75.35  82.78  0.125  
         61.0348    48.8178922843     2.0551381244     585.093     9.155     0.546   292.109         0   -132.93349     12.65936     58.20596          0         0       0      16288     1     392          0        1   75.38  82.81  0.125  
         61.2848    48.8179322664     2.0549997841     588.259     9.146     0.887   292.132         0   -132.94229     12.64331     58.30352          0         0       0      16288     1     392          0        1   75.41  82.84  0.125  
         61.5348    48.8179723306     2.0548614439     591.421     9.137     1.294   292.171         0   -132.93251     12.62889     58.44682          0         0       0      16288     1     392          0        1   75.44  82.86  0.125  
         61.7849    48.8180125259     2.0547230743     594.581     9.128     1.758   292.232         0   -132.90100     12.61518     58.64330          0         0       0      16288     1     392          0        1   75.47  82.89  0.125  
         62.0349    48.8180528612     2.0545848003     597.736     9.120     2.269   292.317         0   -132.84516     12.60122     58.89896          0         0       0      16288     1     392          0        1   75.50  82.92  0.125  
         62.2849    48.8180933939     2.0544465981     600.888     9.112     2.820   292.432         0   -132.76264     12.58588     59.21901          0         0       0      16288     1     392          0        1   75.53  82.94  0.125  
         62.5349    48.8181341695     2.0543084964     604.036     9.103     3.405   292.578         0   -132.65138     12.56802     59.60771          0         0       0      16288     1     392          0        1   75.56  82.97  0.125  
         62.7849    48.8181752417     2.0541705094     607.178     9.094     4.019   292.758         0   -132.50941     12.54653     60.06867          0         0       0      16288     1     392          0        1   75.59  83.00  0.125  
         63.0349    48.8182166509     2.0540327036     610.315     9.083     4.657   292.973         0   -132.33498     12.52055     60.60472          0         0       0      16288     1     392          0        1   75.62  83.02  0.125  
         63.2850    48.8182584647     2.0538950635     613.446     9.074     5.314   293.224         0   -132.12598     12.49142     61.21858          0         0       0      16288     1     392          0        1   75.65  83.05  0.125  
         63.5355    48.8183007841     2.0537574753     616.572     9.064     5.989   293.511         0   -131.88032     12.45652     61.91288          0         0       0      16288     1     392          0        1   75.68  83.08  0.125  
         63.8055    48.8183469636     2.0536094927     619.932     9.057     6.732   293.862         0   -131.57191     12.41675     62.75240          0         0       0      16288     1     392          0        1   75.72  83.11  0.125  
         64.0060    48.8183816805     2.0534998305     622.420     9.049     7.291   294.151         0   -131.31252     12.38177     63.43758          0         0       0      16288     1     392          0        1   75.74  83.13  0.125  
         64.2572    48.8184257415     2.0533627353     625.528     9.044     8.000   294.548         0   -130.94817     12.33938     64.37170          0         0       0      16288     1     392          0        1   75.77  83.16  0.125  
         64.5076    48.8184703220     2.0532265077     628.613     9.036     8.714   294.982         0   -130.54070     12.28740     65.38561          0         0       0      16288     1     392          0        1   75.80  83.19  0.125  
         64.7588    48.8185157730     2.0530903003     631.696     9.032     9.437   295.457         0   -130.08332     12.23927     66.48756          0         0       0      16288     1     392          0        1   75.83  83.22  0.125  
         65.0108    48.8185621595     2.0529541689     634.774     9.026    10.168   295.973         0   -129.57491     12.17927     67.67641          0         0       0      16288     1     392          0        1   75.87  83.24  0.126  
         65.2614    48.8186091439     2.0528193193     637.822     9.022    10.898   296.528         0   -129.01509     12.12373     68.94351          0         0       0      16288     1     392          0        1   75.90  83.28  0.126  
         65.5119    48.8186570043     2.0526851467     640.853     9.016    11.632   297.123         0   -128.40080     12.05811     70.29183          0         0       0      16288     1     392          0        1   75.93  83.31  0.126  
         65.7625    48.8187058385     2.0525515967     643.869     9.014    12.369   297.760         0   -127.72682     11.99335     71.72333          0         0       0      16288     1     392          0        1   75.97  83.34  0.126  
         66.0130    48.8187556664     2.0524188290     646.866     9.006    13.107   298.437         0   -126.99185     11.92097     73.23484          0         0       0      16288     1     392          0        1   76.02  83.37  0.126  
         66.2635    48.8188065490     2.0522868939     649.845     9.006    13.848   299.159         0   -126.19122     11.84854     74.82648          0         0       0      16288     1     392          0        1   76.06  83.41  0.126  
         66.5137    48.8188585009     2.0521559549     652.801     8.999    14.589   299.920         0   -125.32333     11.76799     76.49426          0         0       0      16288     1     392          0        1   76.10  83.44  0.126  
         66.7649    48.8189118482     2.0520254214     655.750     9.001    15.335   300.729         0   -124.37740     11.69134     78.24781          0         0       0      16288     1     392          0        1   76.14  83.48  0.126  
         67.0149    48.8189661751     2.0518965103     658.665     8.996    16.078   301.575         0   -123.36094     11.60198     80.06660          0         0       0      16288     1     392          0        1   76.18  83.51  0.126  
         67.2649    48.8190217768     2.0517686999     661.558     8.995    16.822   302.466         0   -122.26155     11.52101     81.96111          0         0       0      16288     1     392          0        1   76.22  83.55  0.126  
         67.5149    48.8190786952     2.0516420912     664.429     8.993    17.566   303.399         0   -121.07972     11.42594     83.92391          0         0       0      16288     1     392          0        1   76.27  83.59  0.126  
         67.7649    48.8191369996     2.0515167293     667.278     8.995    18.312   304.378         0   -119.80585     11.33785     85.95807          0         0       0      16288     1     392          0        1   76.30  83.62  0.126  
         68.0149    48.8191967147     2.0513927547     670.102     8.993    19.057   305.401         0   -118.44135     11.23377     88.05484          0         0       0      16288     1     392          0        1   76.33  83.65  0.126  
         68.2651    48.8192579217     2.0512701927     672.903     8.995    19.803   306.470         0   -116.97494     11.13716     90.21815          0         0       0      16288     1     392          0        1   76.38  83.69  0.126  
         68.5153    48.8193206417     2.0511491947     675.678     8.999    20.549   307.587         0   -115.40838     11.02350     92.43752          0         0       0      16288     1     392          0        1   76.41  83.71  0.126  
         68.7654    48.8193848982     2.0510298997     678.424     8.997    21.296   308.747         0   -113.73007     10.91881     94.71556          0         0       0      16288     1     392          0        1   76.44  83.74  0.126  
         69.0154    48.8194506964     2.0509124821     681.143     9.008    22.042   309.959         0   -111.94010     10.80701     97.04257          0         0       0      16288     1     392          0        1   76.47  83.77  0.126  
         69.2654    48.8195181157     2.0507969735     683.833     9.004    22.775   311.211         0   -110.03014     10.69188     99.41723          0         0       0      16288     1     392          0        1   76.51  83.80  0.126  
         69.5154    48.8195871977     2.0506834912     686.496     9.013    23.469   312.516         0   -107.99291     10.58676    101.83608          0         0       0      16288     1     392          0        1   76.55  83.84  0.127  
         69.7655    48.8196579588     2.0505721789     689.132     9.023    24.102   313.866         0   -105.83397     10.47299    104.28203          0         0       0      16288     1     392          0        1   76.61  83.88  0.127  
         70.0155    48.8197303808     2.0504632210     691.741     9.033    24.659   315.256         0   -103.54616     10.38142    106.74909          0         0       0      16288     1     392          0        1   76.65  83.92  0.127  
         70.2655    48.8198045073     2.0503566942     694.328     9.048    25.134   316.685         0   -101.13878     10.29440    109.21860          0         0       0      16288     1     392          0        1   76.69  83.95  0.127  
         70.5155    48.8198803082     2.0502527607     696.896     9.060    25.523   318.142         0    -98.61026     10.23423    111.68070          0         0       0      16288     1     392          0        1   76.73  83.99  0.127  
         70.7655    48.8199578103     2.0501514919     699.451     9.078    25.828   319.628         0    -95.97239     10.18560    114.11772          0         0       0      16288     1     392          0        1   76.78  84.03  0.127  
         71.0172    48.8200374706     2.0500524195     702.013     9.091    26.053   321.137         0    -93.21100     10.16200    116.53368          0         0       0      16288     1     392          0        1   76.84  84.08  0.127  
         71.2677    48.8201184148     2.0499567155     704.560     9.114    26.205   322.657         0    -90.36723     10.15538    118.88755          0         0       0      16288     1     392          0        1   76.88  84.11  0.127  
         71.5182    48.8202009466     2.0498640325     707.107     9.132    26.291   324.182         0    -87.43601     10.17031    121.17991          0         0       0      16288     1     392          0        1   76.91  84.14  0.127  
         71.7687    48.8202850307     2.0497744469     709.660     9.156    26.320   325.711         0    -84.42749     10.20317    123.40059          0         0       0      16288     1     392          0        1   76.96  84.18  0.127  
         72.0190    48.8203705720     2.0496880739     712.222     9.176    26.301   327.236         0    -81.35249     10.25163    125.54022          0         0       0      16288     1     392          0        1   77.01  84.22  0.127  
         72.2879    48.8204640202     2.0495989415     714.989     9.207    26.238   328.873         0    -77.98348     10.32355    127.74205          0         0       0      16288     1     392          0        1   77.05  84.26  0.127  
         72.5384    48.8205525149     2.0495193162     717.586     9.238    26.148   330.392         0    -74.79184     10.40201    129.69716          0         0       0      16288     1     392          0        1   77.08  84.28  0.127  
         72.7886    48.8206422437     2.0494431053     720.203     9.267    26.035   331.902         0    -71.55782     10.49434    131.55509          0         0       0      16288     1     392          0        1   77.10  84.31  0.127  
         73.0387    48.8207331817     2.0493703085     722.843     9.299    25.905   333.403         0    -68.28710     10.59829    133.31405          0         0       0      16288     1     392          0        1   77.14  84.34  0.127  
         73.2890    48.8208253606     2.0493008837     725.512     9.336    25.764   334.897         0    -64.98253     10.71027    134.97370          0         0       0      16288     1     392          0        1   77.17  84.36  0.127  
         73.5402    48.8209189537     2.0492347049     728.219     9.376    25.619   336.389         0    -61.64002     10.83009    136.53661          0         0       0      16288     1     392          0        1   77.18  84.38  0.127  
