// Track 1
#Aircraft: "Cessna Skylane 182S IFR"
#TailNumber: "N267QD"
#StaticCGtoGround: 3.01500
#Data: timestamp         latitude        longitude    altitude     pitch      bank   heading  onground    velocityX    velocityY    velocityZ  elevators  ailerons  rudder  throttle1 flaps  lights  parkbrake  engine1     IAS    TAS   mach  
          0.0500    48.8128397554     2.0727047240     374.086     4.321     0.000   292.980         1      0.00000      0.00000      0.00000          0         0       0          0     1     392          1        1    0.00   0.00  0.004  
          0.2502    48.8128397554     2.0727047240     374.086     4.321     0.000   292.980         1      0.00000      0.00000      0.00000          0         0       0          0     1     392          1        1    0.00   0.00  0.004  
          0.5009    48.8128397554     2.0727047240     374.086     4.321     0.000   292.980         1      0.00000      0.00000      0.00000          0         0       0          0     1     392          1        1    0.00   0.00  0.004  
          0.7509    48.8128397554     2.0727047240     374.086     4.321     0.000   292.980         1      0.00000      0.00000      0.00000          0         0       0          0     1     392          1        1    0.00   0.00  0.004  
          1.0047    48.8128397554     2.0727047240     374.086     4.321     0.000   292.980         1      0.00000      0.00000      0.00000          0         0       0          0     1     392          1        1    0.00   0.00  0.004  
          1.2547    48.8128397554     2.0727047240     374.086     4.321     0.000   292.980         1      0.00000      0.00000      0.00000          0         0       0          0     1     392          1        1    0.00   0.00  0.004  
          1.5238    48.8128397554     2.0727047240     374.086     4.321     0.000   292.980         1      0.00000      0.00000      0.00000          0         0       0          0     1     392          1        1    0.00   0.00  0.004  
          1.7739    48.8128397554     2.0727047240     374.086     4.321     0.000   292.980         1      0.00000      0.00000      0.00000          0         0       0          0     1     392          1        1    0.00   0.00  0.004  
          2.0240    48.8128397554     2.0727047240     374.086     4.321     0.000   292.980         1      0.00000      0.00000      0.00000          0         0       0          0     1     392          1        1    0.00   0.00  0.004  
          2.2741    48.8128397554     2.0727047240     374.086     4.321     0.000   292.980         1      0.00000      0.00000      0.00000          0         0       0          0     1     392          1        1    0.00   0.00  0.004  
          2.5243    48.8128397554     2.0727047240     374.086     4.321     0.000   292.980         1      0.00000      0.00000      0.00000          0         0       0          0     1     392          1        1    0.00   0.00  0.004  
          2.7744    48.8128397554     2.0727047240     374.086     4.321     0.000   292.980         1      0.00000      0.00000      0.00000          0         0       0      15648     1     392          1        1    0.00   0.00  0.004  
          3.0246    48.8128397822     2.0727046285     374.094     4.036     0.000   292.980         1     -0.04411      0.02972      0.01871          0         0       0         95     1     392          1        1    0.00   0.00  0.004  
          3.2746    48.8128397924     2.0727045917     374.095     4.183     0.000   292.980         1     -0.09205     -0.01041      0.03904          0         0       0      16288     1     392          1        1    0.00   0.00  0.004  
          3.5247    48.8128398820     2.0727042717     374.100     3.555     0.000   292.980         1     -0.41904      0.05314      0.17772          0         0       0      16288     1     392          1        1    0.00   0.00  0.004  
          3.7748    48.8128400434     2.0727036943     374.115     2.402     0.000   292.980         1     -0.63858      0.05176      0.27084          0         0       0      16288     1     392          1        1    0.00   0.00  0.004  
          4.0249    48.8128402862     2.0727028265     374.120     2.026    -0.012   292.980         1     -0.97990     -0.00364      0.41531          0         0       0      16288     1     392          1        1    0.00   0.00  0.003  
          4.2751    48.8128406231     2.0727016215     374.116     2.098     0.004   292.981         1     -1.32794     -0.02322      0.56298          0         0       0      16288     1     392          1        1    0.00   0.00  0.003  
          4.5253    48.8128410481     2.0727001028     374.111     2.108    -0.013   292.979         1     -1.55656     -0.01751      0.66147          0         0       0      16288     1     392          1        1    0.00   0.00  0.003  
          4.7755    48.8128415093     2.0726984542     374.106     2.079     0.000   292.980         1     -1.57915     -0.02114      0.66753          0         0       0      16288     1     392          1        1    0.00   0.00  0.003  
          5.0256    48.8128419517     2.0726968713     374.100     2.077     0.014   292.978         1     -1.44406     -0.02105      0.61006          0         0       0      16288     1     392          1        1    0.00   0.00  0.003  
          5.2757    48.8128423470     2.0726954590     374.096     2.080     0.000   292.980         1     -1.27067     -0.01797      0.54664          0         0       0      16288     1     392          1        1    0.00   0.00  0.003  
          5.5258    48.8128426955     2.0726942147     374.091     2.087    -0.004   292.980         1     -1.12377     -0.01590      0.46405          0         0       0      16288     1     392          1        1    0.00   0.00  0.003  
          5.7758    48.8128429987     2.0726931214     374.088     2.092     0.011   292.978         1     -0.97294     -0.01362      0.43827          0         0       0      16288     1     392          1        1    0.00   0.00  0.003  
          6.0260    48.8128432724     2.0726921736     374.084     2.097     0.000   293.067         1     -0.86379     -0.01239      0.36743          0         0       0      16288     1     392          1        1    0.00   0.00  0.003  
          6.2872    48.8128434976     2.0726913679     374.081     2.092    -0.007   293.121         1     -0.61487     -0.01085      0.26041          0         0       0      16288     1     392          1        1    0.00   0.00  0.004  
          6.5379    48.8128436378     2.0726908684     374.077     2.353    -0.013   293.125         1     -0.44201     -0.02686      0.18875          0         0       0      16288     1     392          1        1    0.00   0.00  0.004  
          6.7880    48.8128437632     2.0726904236     374.071     2.686     0.007   293.125         1     -0.43368     -0.01859      0.18528          0         0     -45      16288     1     392          1        1    0.00   0.00  0.004  
          7.0381    48.8128439148     2.0726898857     374.070     2.747     0.010   293.125         1     -0.70603      0.00614      0.30145          0         0    -115      16288     1     392          0        1    0.00   0.00  0.004  
          7.2881    48.8128442248     2.0726887846     374.061     3.131     0.012   293.125         1     -1.21115     -0.03446      0.51640          0         0    -153      16288     1     392          0        1    0.00   0.00  0.003  
          7.5381    48.8128445575     2.0726876021     374.066     2.410     0.000   293.120         1     -1.00582      0.04894      0.42971          0         0     -37      16288     1     392          0        1    0.00   0.00  0.003  
          7.7882    48.8128448037     2.0726867273     374.069     2.133     0.005   293.119         1     -0.71423     -0.01393      0.30484          0         0      -8      16288     1     392          0        1    0.00   0.00  0.004  
          8.0382    48.8128449698     2.0726861375     374.065     2.267     0.000   293.119         1     -0.51349     -0.01396      0.21932          0         0      -1      16288     1     392          0        1    0.00   0.00  0.004  
          8.2882    48.8128451191     2.0726856077     374.061     2.419    -0.012   293.120         1     -0.49665     -0.01224      0.21200          0         0       0      16288     1     392          0        1    0.00   0.00  0.004  
          8.5384    48.8128452560     2.0726851213     374.059     2.525     0.000   293.120         1     -0.45314     -0.01112      0.19358          0         0       0      16288     1     392          0        1    0.00   0.00  0.004  
          8.7884    48.8128453849     2.0726846634     374.056     2.635    -0.009   293.119         1     -0.43894     -0.00988      0.18745          0         0       0      16288     1     392          0        1    0.00   0.00  0.004  
          9.0384    48.8128455163     2.0726841965     374.054     2.648     0.000   293.119         1     -0.46164     -0.00310      0.19716          0         0       0      16288     1     392          0        1    0.00   0.00  0.004  
          9.2884    48.8128456584     2.0726836918     374.054     2.540     0.000   293.119         1     -0.48887      0.00196      0.20868          0         0       0      16288     1     392          0        1    0.00   0.00  0.004  
          9.5384    48.8128457964     2.0726832019     374.054     2.516     0.000   293.119         1     -0.46175     -0.00649      0.19709          0         0       0      16288     1     392          0        1    0.00   0.00  0.004  
          9.7886    48.8128459281     2.0726827341     374.051     2.603     0.000   293.119         1     -0.44516     -0.00970      0.19012          0         0       0      16288     1     392          0        1    0.00   0.00  0.004  
         10.0386    48.8128460592     2.0726822687     374.050     2.641     0.008   293.119         1     -0.45067     -0.00518      0.19232          0         0       0      16288     1     392          0        1    0.00   0.00  0.004  
         10.2886    48.8128461964     2.0726817813     374.049     2.591     0.000   293.119         1     -0.47584     -0.00074      0.20318          0         0       0      16288     1     392          0        1    0.00   0.00  0.004  
         10.5386    48.8128463331     2.0726812958     374.049     2.553     0.000   293.118         1     -0.46140     -0.00404      0.19686          0         0       0      16288     1     392          0        1    0.00   0.00  0.004  
         10.7886    48.8128464659     2.0726808241     374.047     2.598    -0.004   293.119         1     -0.44869     -0.00745      0.19150          0         0       0      16288     1     392          0        1    0.00   0.00  0.004  
         11.0386    48.8128465973     2.0726803572     374.045     2.633     0.000   293.119         1     -0.45060     -0.00549      0.19229          0         0       0      16288     1     392          0        1    0.00   0.00  0.004  
         11.2886    48.8128467314     2.0726798806     374.044     2.617     0.000   293.119         1     -0.46424     -0.00266      0.19825          0         0       0      16288     1     392          0        1    0.00   0.00  0.004  
         11.5386    48.8128468667     2.0726794002     374.044     2.587     0.007   293.119         1     -0.45960     -0.00313      0.19607          0         0       0      16288     1     392          0        1    0.00   0.00  0.004  
         11.7886    48.8128470157     2.0726788713     374.042     2.732     0.003   293.118         1     -0.59146     -0.01428      0.25241          0         0       0      16288     1     392          0        1    0.00   0.00  0.004  
         12.0386    48.8128472599     2.0726780035     374.036     3.167     0.000   293.118         1     -1.04631     -0.02865      0.44668          0         0       0      16288     1     392          0        1    0.00   0.00  0.003  
         12.2886    48.8128476596     2.0726765841     374.029     3.519    -0.014   293.119         1     -1.71262     -0.02323      0.73119          0         0       0      16288     1     392          0        1    0.00   0.00  0.003  
         12.5386    48.8128482783     2.0726743867     374.024     3.680     0.006   293.118         1     -2.52674     -0.01945      1.07859          0         0       0      16288     1     392          0        1    0.00   0.00  0.002  
         12.7886    48.8128491469     2.0726713018     374.019     3.774     0.000   293.118         1     -3.40905     -0.02286      1.45517          0         0       0      16288     1     392          0        1    0.00   0.00  0.001  
         13.0386    48.8128502789     2.0726672816     374.013     3.847    -0.016   293.118         1     -4.32280     -0.02285      1.84518          0         0       0      16288     1     392          0        1    0.00   0.00  0.000  
         13.2886    48.8128516839     2.0726622914     374.007     3.905    -0.016   293.118         1     -5.28485     -0.01922      2.25572          0         0       0      16288     1     392          0        1    0.00   0.36  0.001  
         13.5386    48.8128533909     2.0726562287     374.004     3.933    -0.017   293.118         1     -6.38976     -0.00522      2.72714          0         0       0      16288     1     392          0        1    0.00   1.05  0.002  
         13.7886    48.8128554425     2.0726489409     374.005     3.957    -0.021   293.118         1     -7.63840      0.01175      3.25972          0         0       0      16288     1     392          0        1    0.00   1.83  0.003  
         14.0386    48.8128578803     2.0726402800     374.011     3.980    -0.028   293.118         1     -9.03520      0.04119      3.85526          0         0       0      16288     1     392          0        1    0.00   2.71  0.004  
         14.2886    48.8128607528     2.0726300738     374.027     3.993    -0.039   293.117         1    -10.61312      0.08261      4.52756          0         0       0      16288     1     392          0        1    0.00   3.70  0.006  
         14.5387    48.8128641155     2.0726181221     374.053     3.993    -0.058   293.117         1    -12.38370      0.13154      5.28148          0         0       0      16288     1     392          0        1    0.00   4.81  0.007  
         14.7887    48.8128680210     2.0726042373     374.092     3.977    -0.077   293.115         1    -14.33032      0.17602      6.10952          0         0       0      16288     1     392          0        1    0.00   6.04  0.009  
         15.0387    48.8128725054     2.0725882884     374.139     3.934    -0.101   293.113         1    -16.31768      0.19009      6.95390          0         0       0      16288     1     392          0        1    0.00   7.32  0.011  
         15.2887    48.8128775640     2.0725702894     374.182     3.867    -0.121   293.109         1    -18.26922      0.14421      7.78211          0         0       0      16288     1     392          0        1    0.00   8.58  0.013  
         15.5388    48.8128831865     2.0725502754     374.204     3.802    -0.131   293.103         1    -20.18330      0.01932      8.59423          0         0       0      16288     1     392          0        1    0.00   9.81  0.015  
         15.7889    48.8128893611     2.0725282897     374.187     3.763    -0.124   293.093         1    -22.04559     -0.15393      9.38535          0         0       0      16288     1     392          0        1    0.00  11.00  0.017  
         16.0389    48.8128960672     2.0725044088     374.131     3.776    -0.090   293.077         1    -23.84639     -0.28470     10.15164          0         0       0      16288     1     392          0        1    0.00  12.16  0.018  
         16.2889    48.8129032906     2.0724786866     374.059     3.847    -0.034   293.053         1    -25.58376     -0.25786     10.89153          0         0       0      16288     1     392          0        1    0.00  13.28  0.020  
         16.5390    48.8129110147     2.0724511802     374.019     3.937     0.024   293.017         1    -27.25790     -0.03169     11.60293          0         0       0      16288     1     392          0        1    0.00  14.37  0.022  
         16.7890    48.8129192149     2.0724219687     374.049     3.970     0.074   292.970         1    -28.88406      0.26447     12.28804          0         0       0      16288     1     392          0        1    0.00  15.43  0.023  
         17.0390    48.8129278786     2.0723910784     374.135     3.879     0.092   292.908         1    -30.48916      0.36902     12.95438          0         0       0      16288     1     392          0        1    0.00  16.47  0.025  
         17.2890    48.8129369950     2.0723585198     374.203     3.688     0.087   292.829         1    -32.09193      0.11985     13.60754          0         0       0      16288     1     392          0        1    0.00  17.49  0.026  
         17.5390    48.8129465555     2.0723242920     374.180     3.541     0.086   292.731         1    -33.68602     -0.29160     14.24396          0         0       0      16288     1     392          0        1    0.00  18.50  0.028  
         17.7890    48.8129565414     2.0722884288     374.083     3.589     0.103   292.611         1    -35.23605     -0.39751     14.84643          0         0       0      16288     1     392          0        1    0.00  19.49  0.030  
         18.0390    48.8129669232     2.0722509936     374.027     3.803     0.127   292.468         1    -36.70499      0.01222     15.39597          0         0       0      16288     1     392          0        1    0.00  20.44  0.031  
         18.2890    48.8129776656     2.0722120634     374.094     3.941     0.119   292.302         1    -38.12061      0.46373     15.90150          0         0     440      16288     1     392          0        1    0.00  21.35  0.032  
         18.5390    48.8129887630     2.0721716561     374.204     3.795     0.024   292.156         1    -39.53360      0.29177     16.45776          0         0    4947      16288     1     392          0        1    0.00  22.25  0.034  
         18.7891    48.8130003117     2.0721297872     374.198     3.520    -0.124   292.314         1    -40.89323     -0.33279     17.19628          0         0    1916      16288     1     392          0        1    0.00  23.14  0.035  
         19.0494    48.8130128743     2.0720847339     374.079     3.532    -0.136   292.908         1    -42.25526     -0.43500     17.93878          0         0     448      16288     1     392          0        1    0.00  24.00  0.036  
         19.2994    48.8130254137     2.0720401312     374.053     3.845    -0.102   293.606         1    -43.45967      0.27062     18.60265          0         0     111      16288     1     392          0        1    0.93  24.83  0.038  
         19.5494    48.8130384281     2.0719942994     374.173     3.919    -0.089   294.202         1    -44.62783      0.52950     19.32865          0         0      26      16288     1     392          0        1    1.94  25.61  0.039  
         19.7994    48.8130519641     2.0719472292     374.223     3.573    -0.092   294.621         1    -45.85192     -0.21096     20.12029          0         0       5      16288     1     392          0        1    2.98  26.42  0.040  
         20.0494    48.8130660534     2.0718988901     374.100     3.357    -0.093   294.866         1    -47.04322     -0.57928     20.93393          0         0       0      16288     1     392          0        1    4.04  27.24  0.041  
         20.2994    48.8130806927     2.0718493792     374.045     3.634    -0.035   294.959         1    -48.10529      0.24937     21.71312          0         0       0      16288     1     392          0        1    5.06  28.03  0.042  
         20.5494    48.8130958453     2.0717987701     374.181     3.823     0.043   294.909         1    -49.17849      0.59649     22.42466          0         0       0      16288     1     392          0        1    6.05  28.79  0.044  
         20.7994    48.8131114669     2.0717469805     374.222     3.493     0.031   294.736         1    -50.38025     -0.35611     23.08659          0         0       0      16288     1     392          0        1    7.06  29.57  0.045  
         21.0494    48.8131275159     2.0716939301     374.078     3.341    -0.026   294.464         1    -51.57160     -0.48872     23.65588          0         0     223      16288     1     392          0        1    8.09  30.37  0.046  
         21.2994    48.8131439088     2.0716396985     374.094     3.725    -0.021   294.131         1    -52.65668      0.60587     24.10221          0         0    1852      16288     1     392          0        1    9.06  31.12  0.047  
         21.5495    48.8131606229     2.0715843026     374.248     3.772    -0.009   293.861         1    -53.79178      0.28386     24.58862          0         0     758      16288     1     392          0        1    9.99  31.84  0.048  
         21.7995    48.8131776720     2.0715276811     374.166     3.350     0.021   293.676         1    -55.02945     -0.76348     25.06925          0         0     188      16288     1     392          0        1   10.98  32.60  0.049  
         22.0495    48.8131950012     2.0714698046     374.052     3.444     0.102   293.487         1    -56.19520      0.14082     25.40054          0         0      46      16288     1     392          0        1   11.95  33.35  0.050  
         22.2995    48.8132125318     2.0714107454     374.203     3.718     0.214   293.241         1    -57.33957      0.68159     25.69582          0         0       9      16288     1     392          0        1   12.87  34.06  0.052  
         22.5495    48.8132303004     2.0713504211     374.214     3.372     0.236   292.921         1    -58.60730     -0.63180     26.07478          0         0       1      16288     1     392          0        1   13.83  34.80  0.053  
         22.7995    48.8132482941     2.0712887866     374.059     3.305     0.217   292.515         1    -59.83886     -0.15915     26.32180          0         0    1283      16288     1     392          0        1   14.83  35.57  0.054  
         23.0495    48.8132664243     2.0712259332     374.188     3.681     0.165   292.132         1    -60.97161      0.83904     26.53852          0         0    3921      16288     1     392          0        1   15.74  36.28  0.055  
         23.2995    48.8132847873     2.0711618628     374.245     3.438     0.070   292.022         1    -62.16859     -0.54047     26.99439          0         0    4767      16288     1     392          0        1   16.66  36.99  0.056  
         23.5495    48.8133035200     2.0710965965     374.080     3.303    -0.041   292.405         1    -63.21543     -0.25326     27.60287          0         0    3889      16288     1     392          0        1   17.60  37.72  0.057  
