// Track 1
#Aircraft: "Cessna Skylane 182S IFR"
#TailNumber: "N267QD"
#StaticCGtoGround: 3.01500
#Data: timestamp         latitude        longitude    altitude     pitch      bank   heading  onground    velocityX    velocityY    velocityZ  elevators  ailerons  rudder  throttle1 flaps  lights  parkbrake  engine1     IAS    TAS   mach  
          0.0500    48.8128397554     2.0727047240     374.086     4.321     0.000   292.980         1      0.00000      0.00000      0.00000          0         0       0          0     1     392          1        1    0.00   0.00  0.004  
          0.2502    48.8128397554     2.0727047240     374.086     4.321     0.000   292.980         1      0.00000      0.00000      0.00000          0         0       0          0     1     392          1        1    0.00   0.00  0.004  
          0.5009    48.8128397554     2.0727047240     374.086     4.321     0.000   292.980         1      0.00000      0.00000      0.00000          0         0       0          0     1     392          1        1    0.00   0.00  0.004  
          0.7509    48.8128397554     2.0727047240     374.086     4.321     0.000   292.980         1      0.00000      0.00000      0.00000          0         0       0          0     1     392          1        1    0.00   0.00  0.004  
          1.0047    48.8128397554     2.0727047240     374.086     4.321     0.000   292.980         1      0.00000      0.00000      0.00000          0         0       0          0     1     392          1        1    0.00   0.00  0.004  
          1.2547    48.8128397554     2.0727047240     374.086     4.321     0.000   292.980         1      0.00000      0.00000      0.00000          0         0       0          0     1     392          1        1    0.00   0.00  0.004  
          1.5238    48.8128397554     2.0727047240     374.086     4.321     0.000   292.980         1      0.00000      0.00000      0.00000          0         0       0          0     1     392          1        1    0.00   0.00  0.004  
          1.7739    48.8128397554     2.0727047240     374.086     4.321     0.000   292.980         1      0.00000      0.00000      0.00000          0         0       0          0     1     392          1        1    0.00   0.00  0.004  
          2.0240    48.8128397554     2.0727047240     374.086     4.321     0.000   292.980         1      0.00000      0.00000      0.00000          0         0       0          0     1     392          1        1    0.00   0.00  0.004  
          2.2741    48.8128397554     2.0727047240     374.086     4.321     0.000   292.980         1      0.00000      0.00000      0.00000          0         0       0          0     1     392          1        1    0.00   0.00  0.004  
          2.5243    48.8128397554     2.0727047240     374.086     4.321     0.000   292.980         1      0.00000      0.00000      0.00000          0         0       0          0     1     392          1        1    0.00   0.00  0.004  
          2.7744    48.8128397554     2.0727047240     374.086     4.321     0.000   292.980         1      0.00000      0.00000      0.00000          0         0       0      15648     1     392          1        1    0.00   0.00  0.004  
          3.0246    48.8128397822     2.0727046285     374.094     4.036     0.000   292.980         1     -0.04411      0.02972      0.01871          0         0       0         95     1     392          1        1    0.00   0.00  0.004  
          3.2746    48.8128397924     2.0727045917     374.095     4.183     0.000   292.980         1     -0.09205     -0.01041      0.03904          0         0       0      16288     1     392          1        1    0.00   0.00  0.004  
          3.5247    48.8128398820     2.0727042717     374.100     3.555     0.000   292.980         1     -0.41904      0.05314      0.17772          0         0       0      16288     1     392          1        1    0.00   0.00  0.004  
          3.7748    48.8128400434     2.0727036943     374.115     2.402     0.000   292.980         1     -0.63858      0.05176      0.27084          0         0       0      16288     1     392          1        1    0.00   0.00  0.004  
          4.0249    48.8128402862     2.0727028265     374.120     2.026    -0.012   292.980         1     -0.97990     -0.00364      0.41531          0         0       0      16288     1     392          1        1    0.00   0.00  0.003  
          4.2751    48.8128406231     2.0727016215     374.116     2.098     0.004   292.981         1     -1.32794     -0.02322      0.56298          0         0       0      16288     1     392          1        1    0.00   0.00  0.003  
          4.5253    48.8128410481     2.0727001028     374.111     2.108    -0.013   292.979         1     -1.55656     -0.01751      0.66147          0         0       0      16288     1     392          1        1    0.00   0.00  0.003  
          4.7755    48.8128415093     2.0726984542     374.106     2.079     0.000   292.980         1     -1.57915     -0.02114      0.66753          0         0       0      16288     1     392          1        1    0.00   0.00  0.003  
          5.0256    48.8128419517     2.0726968713     374.100     2.077     0.014   292.978         1     -1.44406     -0.02105      0.61006          0         0       0      16288     1     392          1        1    0.00   0.00  0.003  
          5.2757    48.8128423470     2.0726954590     374.096     2.080     0.000   292.980         1     -1.27067     -0.01797      0.54664          0         0       0      16288     1     392          1        1    0.00   0.00  0.003  
          5.5258    48.8128426955     2.0726942147     374.091     2.087    -0.004   292.980         1     -1.12377     -0.01590      0.46405          0         0       0      16288     1     392          1        1    0.00   0.00  0.003  
          5.7758    48.8128429987     2.0726931214     374.088     2.092     0.011   292.978         1     -0.97294     -0.01362      0.43827          0         0       0      16288     1     392          1        1    0.00   0.00  0.003  
          6.0260    48.8128432724     2.0726921736     374.084     2.097     0.000   293.067         1     -0.86379     -0.01239      0.36743          0         0       0      16288     1     392          1        1    0.00   0.00  0.003  
          6.2872    48.8128434976     2.0726913679     374.081     2.092    -0.007   293.121         1     -0.61487     -0.01085      0.26041          0         0       0      16288     1     392          1        1    0.00   0.00  0.004  
          6.5379    48.8128436378     2.0726908684     374.077     2.353    -0.013   293.125         1     -0.44201     -0.02686      0.18875          0         0       0      16288     1     392          1        1    0.00   0.00  0.004  
          6.7880    48.8128437632     2.0726904236     374.071     2.686     0.007   293.125         1     -0.43368     -0.01859      0.18528          0         0     -45      16288     1     392          1        1    0.00   0.00  0.004  
          7.0381    48.8128439148     2.0726898857     374.070     2.747     0.010   293.125         1     -0.70603      0.00614      0.30145          0         0    -115      16288     1     392          0        1    0.00   0.00  0.004  
          7.2881    48.8128442248     2.0726887846     374.061     3.131     0.012   293.125         1     -1.21115     -0.03446      0.51640          0         0    -153      16288     1     392          0        1    0.00   0.00  0.003  
          7.5381    48.8128445575     2.0726876021     374.066     2.410     0.000   293.120         1     -1.00582      0.04894      0.42971          0         0     -37      16288     1     392          0        1    0.00   0.00  0.003  
          7.7882    48.8128448037     2.0726867273     374.069     2.133     0.005   293.119         1     -0.71423     -0.01393      0.30484          0         0      -8      16288     1     392          0        1    0.00   0.00  0.004  
          8.0382    48.8128449698     2.0726861375     374.065     2.267     0.000   293.119         1     -0.51349     -0.01396      0.21932          0         0      -1      16288     1     392          0        1    0.00   0.00  0.004  
          8.2882    48.8128451191     2.0726856077     374.061     2.419    -0.012   293.120         1     -0.49665     -0.01224      0.21200          0         0       0      16288     1     392          0        1    0.00   0.00  0.004  
          8.5384    48.8128452560     2.0726851213     374.059     2.525     0.000   293.120         1     -0.45314     -0.01112      0.19358          0         0       0      16288     1     392          0        1    0.00   0.00  0.004  
          8.7884    48.8128453849     2.0726846634     374.056     2.635    -0.009   293.119         1     -0.43894     -0.00988      0.18745          0         0       0      16288     1     392          0        1    0.00   0.00  0.004  
          9.0384    48.8128455163     2.0726841965     374.054     2.648     0.000   293.119         1     -0.46164     -0.00310      0.19716          0         0       0      16288     1     392          0        1    0.00   0.00  0.004  
          9.2884    48.8128456584     2.0726836918     374.054     2.540     0.000   293.119         1     -0.48887      0.00196      0.20868          0         0       0      16288     1     392          0        1    0.00   0.00  0.004  
          9.5384    48.8128457964     2.0726832019     374.054     2.516     0.000   293.119         1     -0.46175     -0.00649      0.19709          0         0       0      16288     1     392          0        1    0.00   0.00  0.004  
          9.7886    48.8128459281     2.0726827341     374.051     2.603     0.000   293.119         1     -0.44516     -0.00970      0.19012          0         0       0      16288     1     392          0        1    0.00   0.00  0.004  
         10.0386    48.8128460592     2.0726822687     374.050     2.641     0.008   293.119         1     -0.45067     -0.00518      0.19232          0         0       0      16288     1     392          0        1    0.00   0.00  0.004  
         10.2886    48.8128461964     2.0726817813     374.049     2.591     0.000   293.119         1     -0.47584     -0.00074      0.20318          0         0       0      16288     1     392          0        1    0.00   0.00  0.004  
         10.5386    48.8128463331     2.0726812958     374.049     2.553     0.000   293.118         1     -0.46140     -0.00404      0.19686          0         0       0      16288     1     392          0        1    0.00   0.00  0.004  
         10.7886    48.8128464659     2.0726808241     374.047     2.598    -0.004   293.119         1     -0.44869     -0.00745      0.19150          0         0       0      16288     1     392          0        1    0.00   0.00  0.004  
         11.0386    48.8128465973     2.0726803572     374.045     2.633     0.000   293.119         1     -0.45060     -0.00549      0.19229          0         0       0      16288     1     392          0        1    0.00   0.00  0.004  
         11.2886    48.8128467314     2.0726798806     374.044     2.617     0.000   293.119         1     -0.46424     -0.00266      0.19825          0         0       0      16288     1     392          0        1    0.00   0.00  0.004  
         11.5386    48.8128468667     2.0726794002     374.044     2.587     0.007   293.119         1     -0.45960     -0.00313      0.19607          0         0       0      16288     1     392          0        1    0.00   0.00  0.004  
         11.7886    48.8128470157     2.0726788713     374.042     2.732     0.003   293.118         1     -0.59146     -0.01428      0.25241          0         0       0      16288     1     392          0        1    0.00   0.00  0.004  
         12.0386    48.8128472599     2.0726780035     374.036     3.167     0.000   293.118         1     -1.04631     -0.02865      0.44668          0         0       0      16288     1     392          0        1    0.00   0.00  0.003  
         12.2886    48.8128476596     2.0726765841     374.029     3.519    -0.014   293.119         1     -1.71262     -0.02323      0.73119          0         0       0      16288     1     392          0        1    0.00   0.00  0.003  
         12.5386    48.8128482783     2.0726743867     374.024     3.680     0.006   293.118         1     -2.52674     -0.01945      1.07859          0         0       0      16288     1     392          0        1    0.00   0.00  0.002  
         12.7886    48.8128491469     2.0726713018     374.019     3.774     0.000   293.118         1     -3.40905     -0.02286      1.45517          0         0       0      16288     1     392          0        1    0.00   0.00  0.001  
         13.0386    48.8128502789     2.0726672816     374.013     3.847    -0.016   293.118         1     -4.32280     -0.02285      1.84518          0         0       0      16288     1     392          0        1    0.00   0.00  0.000  
         13.2886    48.8128516839     2.0726622914     374.007     3.905    -0.016   293.118         1     -5.28485     -0.01922      2.25572          0         0       0      16288     1     392          0        1    0.00   0.36  0.001  
         13.5386    48.8128533909     2.0726562287     374.004     3.933    -0.017   293.118         1     -6.38976     -0.00522      2.72714          0         0       0      16288     1     392          0        1    0.00   1.05  0.002  
         13.7886    48.8128554425     2.0726489409     374.005     3.957    -0.021   293.118         1     -7.63840      0.01175      3.25972          0         0       0      16288     1     392          0        1    0.00   1.83  0.003  
         14.0386    48.8128578803     2.0726402800     374.011     3.980    -0.028   293.118         1     -9.03520      0.04119      3.85526          0         0       0      16288     1     392          0        1    0.00   2.71  0.004  
         14.2886    48.8128607528     2.0726300738     374.027     3.993    -0.039   293.117         1    -10.61312      0.08261      4.52756          0         0       0      16288     1     392          0        1    0.00   3.70  0.006  
         14.5387    48.8128641155     2.0726181221     374.053     3.993    -0.058   293.117         1    -12.38370      0.13154      5.28148          0         0       0      16288     1     392          0        1    0.00   4.81  0.007  
         14.7887    48.8128680210     2.0726042373     374.092     3.977    -0.077   293.115         1    -14.33032      0.17602      6.10952          0         0       0      16288     1     392          0        1    0.00   6.04  0.009  
         15.0387    48.8128725054     2.0725882884     374.139     3.934    -0.101   293.113         1    -16.31768      0.19009      6.95390          0         0       0      16288     1     392          0        1    0.00   7.32  0.011  
         15.2887    48.8128775640     2.0725702894     374.182     3.867    -0.121   293.109         1    -18.26922      0.14421      7.78211          0         0       0      16288     1     392          0        1    0.00   8.58  0.013  
         15.5388    48.8128831865     2.0725502754     374.204     3.802    -0.131   293.103         1    -20.18330      0.01932      8.59423          0         0       0      16288     1     392          0        1    0.00   9.81  0.015  
         15.7889    48.8128893611     2.0725282897     374.187     3.763    -0.124   293.093         1    -22.04559     -0.15393      9.38535          0         0       0      16288     1     392          0        1    0.00  11.00  0.017  
         16.0389    48.8128960672     2.0725044088     374.131     3.776    -0.090   293.077         1    -23.84639     -0.28470     10.15164          0         0       0      16288     1     392          0        1    0.00  12.16  0.018  
         16.2889    48.8129032906     2.0724786866     374.059     3.847    -0.034   293.053         1    -25.58376     -0.25786     10.89153          0         0       0      16288     1     392          0        1    0.00  13.28  0.020  
         16.5390    48.8129110147     2.0724511802     374.019     3.937     0.024   293.017         1    -27.25790     -0.03169     11.60293          0         0       0      16288     1     392          0        1    0.00  14.37  0.022  
         16.7890    48.8129192149     2.0724219687     374.049     3.970     0.074   292.970         1    -28.88406      0.26447     12.28804          0         0       0      16288     1     392          0        1    0.00  15.43  0.023  
         17.0390    48.8129278786     2.0723910784     374.135     3.879     0.092   292.908         1    -30.48916      0.36902     12.95438          0         0       0      16288     1     392          0        1    0.00  16.47  0.025  
         17.2890    48.8129369950     2.0723585198     374.203     3.688     0.087   292.829         1    -32.09193      0.11985     13.60754          0         0       0      16288     1     392          0        1    0.00  17.49  0.026  
         17.5390    48.8129465555     2.0723242920     374.180     3.541     0.086   292.731         1    -33.68602     -0.29160     14.24396          0         0       0      16288     1     392          0        1    0.00  18.50  0.028  
         17.7890    48.8129565414     2.0722884288     374.083     3.589     0.103   292.611         1    -35.23605     -0.39751     14.84643          0         0       0      16288     1     392          0        1    0.00  19.49  0.030  
         18.0390    48.8129669232     2.0722509936     374.027     3.803     0.127   292.468         1    -36.70499      0.01222     15.39597          0         0       0      16288     1     392          0        1    0.00  20.44  0.031  
         18.2890    48.8129776656     2.0722120634     374.094     3.941     0.119   292.302         1    -38.12061      0.46373     15.90150          0         0     440      16288     1     392          0        1    0.00  21.35  0.032  
         18.5390    48.8129887630     2.0721716561     374.204     3.795     0.024   292.156         1    -39.53360      0.29177     16.45776          0         0    4947      16288     1     392          0        1    0.00  22.25  0.034  
         18.7891    48.8130003117     2.0721297872     374.198     3.520    -0.124   292.314         1    -40.89323     -0.33279     17.19628          0         0    1916      16288     1     392          0        1    0.00  23.14  0.035  
         19.0494    48.8130128743     2.0720847339     374.079     3.532    -0.136   292.908         1    -42.25526     -0.43500     17.93878          0         0     448      16288     1     392          0        1    0.00  24.00  0.036  
         19.2994    48.8130254137     2.0720401312     374.053     3.845    -0.102   293.606         1    -43.45967      0.27062     18.60265          0         0     111      16288     1     392          0        1    0.93  24.83  0.038  
         19.5494    48.8130384281     2.0719942994     374.173     3.919    -0.089   294.202         1    -44.62783      0.52950     19.32865          0         0      26      16288     1     392          0        1    1.94  25.61  0.039  
         19.7994    48.8130519641     2.0719472292     374.223     3.573    -0.092   294.621         1    -45.85192     -0.21096     20.12029          0         0       5      16288     1     392          0        1    2.98  26.42  0.040  
         20.0494    48.8130660534     2.0718988901     374.100     3.357    -0.093   294.866         1    -47.04322     -0.57928     20.93393          0         0       0      16288     1     392          0        1    4.04  27.24  0.041  
         20.2994    48.8130806927     2.0718493792     374.045     3.634    -0.035   294.959         1    -48.10529      0.24937     21.71312          0         0       0      16288     1     392          0        1    5.06  28.03  0.042  
         20.5494    48.8130958453     2.0717987701     374.181     3.823     0.043   294.909         1    -49.17849      0.59649     22.42466          0         0       0      16288     1     392          0        1    6.05  28.79  0.044  
         20.7994    48.8131114669     2.0717469805     374.222     3.493     0.031   294.736         1    -50.38025     -0.35611     23.08659          0         0       0      16288     1     392          0        1    7.06  29.57  0.045  
         21.0494    48.8131275159     2.0716939301     374.078     3.341    -0.026   294.464         1    -51.57160     -0.48872     23.65588          0         0     223      16288     1     392          0        1    8.09  30.37  0.046  
         21.2994    48.8131439088     2.0716396985     374.094     3.725    -0.021   294.131         1    -52.65668      0.60587     24.10221          0         0    1852      16288     1     392          0        1    9.06  31.12  0.047  
         21.5495    48.8131606229     2.0715843026     374.248     3.772    -0.009   293.861         1    -53.79178      0.28386     24.58862          0         0     758      16288     1     392          0        1    9.99  31.84  0.048  
         21.7995    48.8131776720     2.0715276811     374.166     3.350     0.021   293.676         1    -55.02945     -0.76348     25.06925          0         0     188      16288     1     392          0        1   10.98  32.60  0.049  
         22.0495    48.8131950012     2.0714698046     374.052     3.444     0.102   293.487         1    -56.19520      0.14082     25.40054          0         0      46      16288     1     392          0        1   11.95  33.35  0.050  
         22.2995    48.8132125318     2.0714107454     374.203     3.718     0.214   293.241         1    -57.33957      0.68159     25.69582          0         0       9      16288     1     392          0        1   12.87  34.06  0.052  
         22.5495    48.8132303004     2.0713504211     374.214     3.372     0.236   292.921         1    -58.60730     -0.63180     26.07478          0         0       1      16288     1     392          0        1   13.83  34.80  0.053  
         22.7995    48.8132482941     2.0712887866     374.059     3.305     0.217   292.515         1    -59.83886     -0.15915     26.32180          0         0    1283      16288     1     392          0        1   14.83  35.57  0.054  
         23.0495    48.8132664243     2.0712259332     374.188     3.681     0.165   292.132         1    -60.97161      0.83904     26.53852          0         0    3921      16288     1     392          0        1   15.74  36.28  0.055  
         23.2995    48.8132847873     2.0711618628     374.245     3.438     0.070   292.022         1    -62.16859     -0.54047     26.99439          0         0    4767      16288     1     392          0        1   16.66  36.99  0.056  
         23.5495    48.8133035200     2.0710965965     374.080     3.303    -0.041   292.405         1    -63.21543     -0.25326     27.60287          0         0    3889      16288     1     392          0        1   17.60  37.72  0.057  
         23.7995    48.8133226938     2.0710303537     374.197     3.604    -0.029   293.445         1    -64.13230      0.79778     28.26550          0         0    2011      16288     1     392          0        1   18.44  38.36  0.058  
         24.0495    48.8133423297     2.0709630555     374.228     3.311     0.068   294.637         1    -65.23074     -0.65629     28.96825          0         0     577      16288     1     392          0        1   19.29  39.02  0.059  
         24.2995    48.8133624935     2.0708946736     374.077     3.273    -0.016   295.609         1    -66.15421     -0.02014     29.80618          0         0     144      16288     1     392          0        1   20.16  39.70  0.060  
         24.5495    48.8133832573     2.0708253991     374.225     3.542    -0.082   296.225         1    -67.00131      0.66918     30.67393          0         0      35      16288     1     392          0        1   21.00  40.34  0.061  
         24.7995    48.8134045970     2.0707551446     374.198     3.226    -0.067   296.412         1    -68.02970     -0.74347     31.51322          0         0       7      16288     1     392          0        1   21.91  41.04  0.062  
         25.0495    48.8134265224     2.0706839075     374.122     3.442    -0.201   296.268         1    -68.86689      0.46280     32.35938          0         0       0      16288     1     392          0        1   22.84  41.76  0.063  
         25.2995    48.8134489838     2.0706117675     374.265     3.463    -0.150   295.849         1    -69.84714      0.08782     33.07544          0         0    1193      16288     1     392          0        1   23.74  42.46  0.064  
         25.5495    48.8134719281     2.0705385079     374.138     3.156    -0.004   295.304         1    -70.91256     -0.56257     33.78094          0         0    3292      16288     1     392          0        1   24.74  43.23  0.065  
         25.7995    48.8134953583     2.0704642639     374.187     3.472     0.031   295.018         1    -71.79938      0.70670     34.48413          0         0    4613      16288     1     392          0        1   25.65  43.93  0.066  
         26.0495    48.8135192721     2.0703890125     374.219     3.129     0.046   295.156         1    -72.84323     -0.56456     35.22538          0         0    5586      16288     1     392          0        1   26.56  44.63  0.067  
         26.2995    48.8135437766     2.0703127892     374.142     3.282    -0.080   295.930         1    -73.60394      0.38450     36.20298          0         0    3638      16288     1     392          0        1   27.43  45.31  0.069  
         26.5496    48.8135689425     2.0702357384     374.269     3.386    -0.125   297.253         1    -74.49894     -0.00939     37.05252          0         0     926      16288     1     392          0        1   28.22  45.91  0.069  
         26.7996    48.8135946617     2.0701576979     374.146     3.081    -0.122   298.356         1    -75.44097     -0.32497     37.92351          0         0     231      16288     1     392          0        1   29.09  46.58  0.071  
         27.0496    48.8136210199     2.0700788263     374.239     3.482    -0.094   299.053         1    -76.19331      0.54533     38.86560          0         0      56      16288     1     392          0        1   29.89  47.20  0.072  
         27.2996    48.8136479977     2.0699990300     374.175     2.962    -0.054   299.203         1    -77.16504     -0.71069     39.76262          0         0      12      16288     1     392          0        1   30.81  47.91  0.073  
         27.5498    48.8136756390     2.0699183036     374.202     3.375    -0.104   298.957         1    -77.89538      0.88414     40.70691          0         0       2      16288     1     392          0        1   31.73  48.63  0.074  
         27.7998    48.8137038563     2.0698367171     374.253     3.186    -0.117   298.379         1    -78.92562     -0.77564     41.47951          0         0       0      16288     1     392          0        1   32.66  49.34  0.075  
         28.0498    48.8137325588     2.0697540800     374.158     3.157    -0.062   297.595         1    -79.87126      0.60607     42.12361          0         0    1961      16288     1     392          0        1   33.66  50.12  0.076  
         28.2998    48.8137616767     2.0696704510     374.289     3.310     0.071   296.852         1    -80.93010     -0.43390     42.73740          0         0    1525      16288     1     392          0        1   34.56  50.81  0.077  
         28.5498    48.8137912076     2.0695856434     374.122     2.909     0.126   296.271         1    -82.01870      0.15837     43.24187          0         0     455      16288     1     392          0        1   35.56  51.58  0.078  
         28.7998    48.8138209926     2.0694997408     374.318     3.414     0.143   295.847         1    -83.12457      0.24723     43.58185          0         0    1240      16288     1     392          0        1   36.42  52.24  0.079  
         29.0014    48.8138452242     2.0694295603     374.136     2.529     0.068   295.578         1    -84.12196     -1.37490     43.91739          0         0    2503      16288     1     392          0        1   37.19  52.84  0.080  
         29.2515    48.8138754248     2.0693414148     374.292     3.214     0.091   295.422         1    -85.25964      0.27303     44.16875          0         0    2436      16288     1     392          0        1   38.11  53.55  0.081  
         29.5015    48.8139058829     2.0692520850     374.216     3.020     0.163   295.484         1    -86.43205     -1.11547     44.61828          0         0    3446      16288     1     392          0        1   39.00  54.24  0.082  
         29.7515    48.8139366388     2.0691616441     374.250     3.161     0.161   295.883         1    -87.36842      1.50940     45.02797          0         0    3700      16288     1     392          0        1   39.91  54.93  0.083  
         30.0036    48.8139680081     2.0690693085     374.214     2.834     0.089   296.528         1    -88.55933     -1.11840     45.60378          0         0    2582      16288     1     392          0        1   40.79  55.61  0.084  
         30.2536    48.8139995387     2.0689767210     374.257     3.119    -0.016   297.298         1    -89.44983      0.56688     46.25453          0         0    1313      16288     1     392          0        1   41.66  56.29  0.085  
         30.5038    48.8140315192     2.0688830266     374.242     2.941     0.094   297.888         1    -90.54802     -1.10020     46.86744          0         0     468      16288     1     392          0        1   42.51  56.94  0.086  
         30.7538    48.8140639231     2.0687883687     374.264     3.083     0.050   298.110         1    -91.37781      1.10093     47.53462          0         0     116      16288     1     392          0        1   43.40  57.62  0.087  
         31.0047    48.8140968825     2.0686923595     374.231     2.907     0.036   297.937         1    -92.45688     -0.39630     48.16467          0         0      42      16288     1     392          0        1   44.29  58.32  0.088  
         31.2547    48.8141301394     2.0685956721     374.284     3.201    -0.024   297.450         1    -93.38018      0.74207     48.72120          0         0       9      16288     1     392          0        1   45.19  59.01  0.089  
         31.5047    48.8141637886     2.0684978852     374.168     2.473     0.053   296.751         1    -94.50758     -1.11440     49.27768          0         0    1840      16288     1     392          0        1   46.13  59.74  0.090  
         31.7547    48.8141977642     2.0683990541     374.346     3.219     0.105   296.102         1    -95.51307      0.00525     49.79291          0         0    3230      16288     1     392          0        1   47.03  60.43  0.091  
         32.0063    48.8142323280     2.0682984649     374.131     2.414     0.122   295.746         1    -96.54107      0.52057     50.21070          0         0    2671      16288     1     392          0        1   47.95  61.14  0.092  
         32.2563    48.8142669576     2.0681974827     374.402     3.519     0.040   295.757         1    -97.65936     -0.51537     50.75655          0         0    2402      16288     1     392          0        1   48.80  61.79  0.093  
         32.5159    48.8143033003     2.0680913051     374.183     3.358     0.146   295.886         1    -98.74161      0.74802     51.09703          0         0    2333      16288     1     392          0        1   49.68  62.47  0.094  
         32.7659    48.8143385298     2.0679880355     374.346     3.041     0.203   296.158         1    -99.76378      0.33069     51.56246          0         0    2249      16288     1     392          0        1   50.57  63.16  0.095  
         33.0170    48.8143742715     2.0678831624     374.216     2.757     0.121   296.432         1   -100.84117     -0.13430     52.08003          0         0    2124      16288     1     392          0        1   51.49  63.86  0.096  
         33.2670    48.8144101794     2.0677777753     374.403     3.250     0.071   296.740         1   -101.76180      0.40987     52.56108          0         0    1459      16288     1     392          0        1   52.27  64.47  0.097  
         33.5173    48.8144464841     2.0676711585     374.208     2.985     0.049   296.879         1   -102.82019     -0.24838     53.05467          0         0    1398      16288     1     392          0        1   53.15  65.14  0.098  
         33.7680    48.8144831579     2.0675634248     374.349     3.065     0.126   296.870         1   -103.70785      0.84228     53.52594          0         0     728      16288     1     392          0        1   53.96  65.77  0.099  
         34.0189    48.8145202105     2.0674545532     374.220     2.607     0.151   296.660         1   -104.79871     -0.97337     54.04292          0         0     181      16288     1     392          0        1   54.84  66.45  0.100  
         34.2695    48.8145575127     2.0673447810     374.334     2.993     0.073   296.242         1   -105.70948      0.68790     54.40244          0         0     654      16288     1     392          0        1   55.67  67.08  0.101  
         34.5195    48.8145950257     2.0672342201     374.275     2.816     0.093   295.733         0   -106.77279     -0.97951     54.89059          0         0    1038      16288     1     392          0        1   56.50  67.73  0.102  
         34.7706    48.8146329481     2.0671221488     374.319     2.968     0.096   295.258         1   -107.70233      0.69805     55.14974          0         0     409      16288     1     392          0        1   57.31  68.35  0.103  
         35.0206    48.8146709508     2.0670095268     374.260     2.674     0.132   294.845         0   -108.76219     -0.65038     55.55251        394         0     102      16288     1     392          0        1   58.13  68.98  0.104  
         35.2709    48.8147091697     2.0668956839     374.306     2.938     0.123   294.436         1   -109.75064      0.65294     55.67601       3337         0      24      16288     1     392          0        1   58.91  69.58  0.105  
         35.5209    48.8147475031     2.0667809259     374.301     3.015     0.052   294.090         0   -110.80540     -0.85374     56.03395       5749         0       4      16288     1     392          0        1   59.67  70.17  0.106  
         35.7715    48.8147860441     2.0666648477     374.326     3.374     0.080   293.810         1   -111.77617      0.56247     56.05802       7088         0       0      16288     1     392          0        1   60.41  70.73  0.107  
         36.0215    48.8148246388     2.0665480081     374.276     3.381     0.063   293.664         0   -112.79551     -0.77040     56.39687       8707       183       0      16288     1     392          0        1   61.15  71.30  0.108  
         36.2722    48.8148634530     2.0664297854     374.328     3.759     0.143   293.616         1   -113.72744      0.62611     56.42711       9535       264       0      16288     1     392          0        1   61.86  71.85  0.109  
         36.5222    48.8149022970     2.0663109195     374.368     4.420     0.073   293.658         0   -114.71465     -0.24381     56.75910       9765        65       0      16288     1     392          0        1   62.54  72.38  0.109  
         36.7723    48.8149413343     2.0661910272     374.353     4.705     0.028   293.732         1   -115.58055      0.51306     56.85197       9557        15       0      16288     1     392          0        1   63.16  72.85  0.110  
         37.0224    48.8149804720     2.0660702666     374.489     4.475    -0.098   293.843         0   -116.49970      0.38154     57.16093       7339         3       0      16288     1     392          0        1   63.93  73.45  0.111  
         37.2724    48.8150198153     2.0659485493     374.488     4.812    -0.113   293.827         0   -117.43887     -0.33404     57.47975       7335         0       0      16288     1     392          0        1   64.60  73.96  0.112  
         37.5224    48.8150593763     2.0658258517     374.381     4.746    -0.009   293.713         0   -118.35874     -0.40285     57.76356       7978         0       0      16288     1     392          0        1   65.32  74.52  0.113  
         37.7728    48.8150991640     2.0657020680     374.389     4.001     0.144   293.595         1   -119.17807      0.54859     57.95270       8139         0       0      16288     1     392          0        1   66.09  75.11  0.114  
         38.0228    48.8151390660     2.0655775919     374.504     3.785     0.040   293.496         0   -120.08690      0.23253     58.30409       8297         0       0      16288     1     392          0        1   66.87  75.71  0.114  
         38.2728    48.8151792021     2.0654521545     374.486     4.689     0.000   293.351         0   -120.99989     -0.25851     58.64231       9472         0       0      16288     1     392          0        1   67.49  76.19  0.115  
         38.5228    48.8152195622     2.0653257866     374.448     5.783    -0.058   293.190         1   -121.83506      0.09575     58.93397       9726         0       0      16288     1     392          0        1   68.03  76.60  0.116  
         38.7728    48.8152600985     2.0651986273     374.591     6.565    -0.079   293.046         0   -122.54876      1.12104     59.18122       9323         0       0      16288     1     392          0        1   68.54  77.00  0.117  
         39.0229    48.8153007941     2.0650707444     375.021     6.912    -0.156   292.929         0   -123.17099      2.30879     59.36587       8261         0       0      16288     1     392          0        1   69.07  77.40  0.117  
         39.2729    48.8153415930     2.0649422744     375.736     6.744    -0.243   292.844         0   -123.74754      3.36873     59.51328       7969         0       0      16288     1     392          0        1   69.64  77.84  0.118  
         39.5229    48.8153824903     2.0648131939     376.677     6.640    -0.333   292.788         0   -124.31613      4.08310     59.63852       7869         0       0      16288     1     392          0        1   70.17  78.25  0.118  
         39.7729    48.8154234613     2.0646835412     377.752     6.781    -0.423   292.752         0   -124.87534      4.47409     59.74223       7869         0       0      16288     1     392          0        1   70.61  78.60  0.119  
         40.0229    48.8154644947     2.0645533172     378.907     7.038    -0.511   292.724         0   -125.41217      4.75734     59.81942       7844         0       0      16288     1     392          0        1   71.01  78.90  0.119  
         40.2729    48.8155055710     2.0644225501     380.138     7.279    -0.595   292.696         0   -125.91816      5.09061     59.86716       7864         0       0      16288     1     392          0        1   71.37  79.18  0.120  
         40.5229    48.8155466755     2.0642912567     381.459     7.491    -0.676   292.659         0   -126.39330      5.46696     59.88755       7824         0       0      16288     1     392          0        1   71.71  79.45  0.120  
         40.7729    48.8155877754     2.0641595160     382.874     7.685    -0.754   292.606         0   -126.83948      5.84824     59.88367       7859         0       0      16288     1     392          0        1   72.04  79.69  0.121  
         41.0229    48.8156288699     2.0640273095     384.387     7.870    -0.831   292.537         0   -127.25769      6.23834     59.85700       7406         0       0      16288     1     392          0        1   72.33  79.92  0.121  
         41.2729    48.8156699392     2.0638946802     385.992     7.944    -0.907   292.454         0   -127.65347      6.58463     59.81113       7149         0       0      16288     1     392          0        1   72.62  80.14  0.121  
         41.5229    48.8157109765     2.0637616297     387.681     7.947    -0.983   292.361         0   -128.03719      6.90472     59.75005       7084         0       0      16288     1     392          0        1   72.90  80.36  0.122  
         41.7729    48.8157519625     2.0636281998     389.442     7.987    -1.061   292.259         0   -128.41389      7.16030     59.67623       7068         0       0      16288     1     392          0        1   73.16  80.57  0.122  
         42.0230    48.8157929079     2.0634943335     391.263     8.073    -1.140   292.151         0   -128.78093      7.38065     59.58731       7064         0       0      16288     1     392          0        1   73.40  80.76  0.122  
         42.2730    48.8158337712     2.0633601410     393.138     8.176    -1.220   292.041         0   -129.13428      7.60764     59.48026       7064         0       0      16288     1     392          0        1   73.63  80.93  0.123  
         42.5230    48.8158745593     2.0632255720     395.073     8.276    -1.301   291.931         0   -129.47265      7.85393     59.35366       6776         0       0      16288     1     392          0        1   73.83  81.09  0.123  
         42.7730    48.8159152492     2.0630906740     397.068     8.304    -1.381   291.822         0   -129.79908      8.09295     59.20918       6627         0       0      16288     1     392          0        1   74.04  81.25  0.123  
         43.0246    48.8159560917     2.0629545807     399.135     8.300    -1.462   291.712         0   -130.12259      8.31587     59.04892       6590         0       0      16288     1     392          0        1   74.24  81.41  0.123  
         43.2746    48.8159965630     2.0628190103     401.239     8.330    -1.542   291.600         0   -130.44185      8.48930     58.87713       6581         0       0      16288     1     392          0        1   74.43  81.56  0.123  
         43.5246    48.8160369165     2.0626830935     403.382     8.396    -1.622   291.484         0   -130.75561      8.63742     58.69122       6734         0       0      16288     1     392          0        1   74.60  81.69  0.124  
         43.7746    48.8160771319     2.0625468715     405.562     8.493    -1.701   291.362         0   -131.05992      8.77689     58.48957       6796         0       0      16288     1     392          0        1   74.76  81.82  0.124  
         44.0263    48.8161174719     2.0624094212     407.791     8.545    -1.780   291.235         0   -131.35678      8.90387     58.27107       5407         0       0      16288     1     392          0        1   74.90  81.93  0.124  
         44.2763    48.8161573900     2.0622725790     410.029     8.355    -1.858   291.111         0   -131.65325      8.98884     58.04405       5111         0       0      16288     1     392          0        1   75.08  82.07  0.124  
         44.5263    48.8161971550     2.0621354037     412.292     8.194    -1.935   290.981         0   -131.96586      9.08461     57.81131       5603         0       0      16288     1     392          0        1   75.27  82.21  0.124  
         44.7763    48.8162367535     2.0619979143     414.570     8.330    -2.013   290.836         0   -132.28498      9.12333     57.57176       5726         0       0      16288     1     392          0        1   75.41  82.33  0.125  
         45.0278    48.8162764157     2.0618592771     416.879     8.593    -2.093   290.681         0   -132.58518      9.24706     57.30774       5757         0       0      16288     1     392          0        1   75.53  82.42  0.125  
         45.2778    48.8163156502     2.0617211702     419.230     8.879    -2.173   290.522         0   -132.84680      9.57673     57.01119       5766         0       0      16288     1     392          0        1   75.62  82.49  0.125  
         45.5278    48.8163546783     2.0615827792     421.689     9.236    -2.253   290.355         0   -133.06482     10.09295     56.67837       5767         0       0      16288     1     392          0        1   75.69  82.55  0.125  
         45.7778    48.8163934647     2.0614441882     424.297     9.679    -2.335   290.180         0   -133.22908     10.77593     56.30607       5767         0       0      16288     1     392          0        1   75.71  82.57  0.125  
         46.0295    48.8164322332     2.0613045459     427.117    10.205    -2.419   289.996         0   -133.32760     11.63377     55.88651       5767         0       0      16288     1     392          0        1   75.70  82.56  0.125  
         46.2795    48.8164704396     2.0611657716     430.153    10.796    -2.504   289.805         0   -133.34676     12.64984     55.42079       5624         0       0      16288     1     392          0        1   75.63  82.51  0.125  
         46.5295    48.8165083112     2.0610270187     433.450    11.242    -2.589   289.616         0   -133.29090     13.65612     54.91555       1815         0       0      16288     1     392          0        1   75.51  82.43  0.125  
         46.7795    48.8165458244     2.0608883606     436.981    10.990    -2.668   289.455         0   -133.20674     14.56543     54.39226        454         0       0      16288     1     392          0        1   75.47  82.40  0.125  
         47.0311    48.8165832115     2.0607489127     440.740    10.643    -2.748   289.294         0   -133.16012     15.21797     53.88057        111         0       0      16288     1     392          0        1   75.45  82.39  0.125  
         47.2812    48.8166200448     2.0606102808     444.587    10.565    -2.830   289.118         0   -133.16108     15.46334     53.39785         26         0       0      16288     1     392          0        1   75.37  82.34  0.125  
         47.5009    48.8166521084     2.0604885712     447.994    10.633    -2.903   288.952         0   -133.17614     15.52976     52.97771          3         0       0      16288     1     392          0        1   75.27  82.26  0.124  
         47.7530    48.8166885896     2.0603488810     451.918    10.729    -2.987   288.757         0   -133.19058     15.58055     52.48535          0         0       0      16288     1     392          0        1   75.15  82.17  0.124  
         48.0048    48.8167246857     2.0602093316     455.852    10.790    -3.071   288.560         0   -133.19820     15.65603     51.97865          0         0       0      16288     1     392          0        1   75.02  82.08  0.124  
         48.2553    48.8167602334     2.0600705362     459.786    10.829    -3.153   288.360         0   -133.20369     15.73385     51.46290          0         0       0      16288     1     392          0        1   74.90  81.98  0.124  
         48.5059    48.8167954448     2.0599316503     463.739    10.862    -3.236   288.156         0   -133.20993     15.79655     50.93719          0         0       0      16288     1     392          0        1   74.76  81.89  0.124  
         48.7563    48.8168302825     2.0597927905     467.704    10.891    -3.295   287.947         0   -133.21813     15.83810     50.40144          0         0       0      16288     1     392          0        1   74.63  81.79  0.124  
         49.0069    48.8168647670     2.0596538541     471.680    10.910    -3.299   287.735         0   -133.22672     15.86144     49.86192          0         0       0      16288     1     392          0        1   74.50  81.70  0.124  
         49.2574    48.8168988483     2.0595150442     475.655    10.921    -3.244   287.522         0   -133.23457     15.86795     49.32715          0         0       0      16288     1     392          0        1   74.38  81.60  0.123  
         49.5080    48.8169326027     2.0593760749     479.634    10.928    -3.125   287.311         0   -133.24010     15.85774     48.80411          0         0       0      16288     1     392          0        1   74.25  81.51  0.123  
         49.7584    48.8169659634     2.0592372711     483.604    10.930    -2.941   287.105         0   -133.24101     15.83120     48.30271          0         0       0      16288     1     392          0        1   74.11  81.41  0.123  
         50.0087    48.8169989814     2.0590985030     487.564    10.921    -2.699   286.908         0   -133.23608     15.78654     47.83075          0         0       0      16288     1     392          0        1   73.99  81.32  0.123  
         50.2784    48.8170342134     2.0589489737     491.817    10.899    -2.386   286.712         0   -133.22372     15.71996     47.36280          0         0       0      16288     1     392          0        1   73.86  81.22  0.123  
         50.5295    48.8170667231     2.0588097569     495.758    10.873    -2.059   286.546         0   -133.20572     15.63963     46.97092          0         0       0      16288     1     392          0        1   73.74  81.14  0.123  
         50.7809    48.8170990172     2.0586703932     499.681    10.843    -1.706   286.399         0   -133.18105     15.54228     46.62447          0         0       0      16288     1     392          0        1   73.62  81.05  0.123  
         51.0314    48.8171309765     2.0585315487     503.564    10.809    -1.343   286.274         0   -133.14998     15.43110     46.32713          0         0       0      16288     1     392          0        1   73.52  80.97  0.123  
         51.2821    48.8171627827     2.0583925876     507.423    10.770    -0.978   286.170         0   -133.11299     15.30790     46.07810          0         0       0      16288     1     392          0        1   73.41  80.90  0.122  
         51.5325    48.8171943763     2.0582539211     511.241    10.727    -0.623   286.087         0   -133.07097     15.17439     45.87739          0         0       0      16288     1     392          0        1   73.32  80.83  0.122  
         51.7830    48.8172258555     2.0581152668     515.027    10.681    -0.288   286.026         0   -133.02475     15.03183     45.72256          0         0       0      16288     1     392          0        1   73.23  80.76  0.122  
         52.0334    48.8172572549     2.0579766116     518.777    10.632     0.023   285.983         0   -132.97559     14.88191     45.61063          0         0       0      16288     1     392          0        1   73.15  80.71  0.122  
         52.2835    48.8172885528     2.0578381771     522.484    10.581     0.292   285.958         0   -132.92497     14.72624     45.53798          0         0       0      16288     1     392          0        1   73.07  80.65  0.122  
         52.5337    48.8173198129     2.0576997954     526.151    10.527     0.526   285.949         0   -132.87426     14.56644     45.49967          0         0       0      16288     1     392          0        1   73.00  80.60  0.122  
         52.7837    48.8173510532     2.0575614828     529.778    10.472     0.720   285.952         0   -132.82478     14.40390     45.49081          0         0       0      16288     1     392          0        1   72.94  80.56  0.122  
         53.0339    48.8173823114     2.0574231529     533.366    10.416     0.871   285.966         0   -132.77795     14.24024     45.50619          0         0       0      16288     1     392          0        1   72.89  80.52  0.122  
         53.2839    48.8174135716     2.0572849371     536.911    10.359     0.981   285.989         0   -132.73521     14.07689     45.54055          0         0       0      16288     1     392          0        1   72.84  80.49  0.122  
         53.5340    48.8174448681     2.0571467294     540.416    10.302     1.050   286.016         0   -132.69772     13.91533     45.58876          0         0       0      16288     1     392          0        1   72.81  80.47  0.122  
         53.7841    48.8174762048     2.0570085406     543.881    10.245     1.082   286.047         0   -132.66649     13.75683     45.64591          0         0       0      16288     1     392          0        1   72.77  80.45  0.122  
         54.0349    48.8175076630     2.0568700271     547.316    10.190     1.081   286.080         0   -132.64247     13.60217     45.70766          0         0       0      16288     1     392          0        1   72.75  80.43  0.122  
         54.2850    48.8175390759     2.0567319214     550.703    10.135     1.050   286.111         0   -132.62662     13.45308     45.76964          0         0       0      16288     1     392          0        1   72.73  80.42  0.122  
         54.5351    48.8175705304     2.0565938278     554.054    10.082     0.994   286.141         0   -132.61936     13.31011     45.82845          0         0       0      16288     1     392          0        1   72.72  80.42  0.122  
         54.7853    48.8176020272     2.0564557202     557.370    10.031     0.917   286.166         0   -132.62106     13.17391     45.88109          0         0       0      16288     1     392          0        1   72.72  80.42  0.122  
         55.0354    48.8176335573     2.0563176059     560.653     9.983     0.824   286.187         0   -132.63203     13.04503     45.92514          0         0       0      16288     1     392          0        1   72.72  80.42  0.122  
         55.2856    48.8176651104     2.0561794920     563.904     9.936     0.719   286.202         0   -132.65234     12.92391     45.95869          0         0       0      16288     1     392          0        1   72.72  80.43  0.122  
         55.6556    48.8177117897     2.0559752586     568.658     9.872     0.552   286.213         0   -132.69906     12.75948     45.98618          0         0       0      16288     1     392          0        1   72.74  80.45  0.122  
         55.7559    48.8177244501     2.0559198678     569.936     9.856     0.506   286.213         0   -132.71510     12.71776     45.98881          0         0       0      16288     1     392          0        1   72.75  80.46  0.122  
         56.0077    48.8177562347     2.0557807776     573.128     9.817     0.390   286.210         0   -132.76141     12.61915     45.98608          0         0       0      16288     1     392          0        1   72.77  80.48  0.122  
         56.2582    48.8177878436     2.0556423761     576.280     9.780     0.278   286.199         0   -132.81565     12.52933     45.97022          0         0       0      16288     1     392          0        1   72.79  80.50  0.122  
         56.5087    48.8178194486     2.0555038635     579.411     9.747     0.173   286.182         0   -132.87734     12.44769     45.94162          0         0       0      16288     1     392          0        1   72.82  80.52  0.122  
         56.7591    48.8178510068     2.0553653841     582.521     9.717     0.074   286.159         0   -132.94549     12.37467     45.90143          0         0       0      16288     1     392          0        1   72.84  80.55  0.122  
         57.0097    48.8178825683     2.0552266789     585.617     9.690    -0.053   286.130         0   -133.01949     12.31036     45.85004          0         0       0      16288     1     392          0        1   72.88  80.57  0.122  
         57.2598    48.8179140236     2.0550881797     588.691     9.665    -0.210   286.095         0   -133.10077     12.25366     45.78142          0         0       0      16288     1     392          0        1   72.91  80.60  0.122  
         57.5101    48.8179454440     2.0549495072     591.754     9.642    -0.387   286.051         0   -133.19003     12.20443     45.69195          0         0       0      16288     1     392          0        1   72.94  80.64  0.122  
         57.7606    48.8179768139     2.0548106528     594.807     9.621    -0.575   285.999         0   -133.28758     12.16210     45.57919          0         0       0      16288     1     392          0        1   72.98  80.67  0.122  
         58.0112    48.8180081173     2.0546716077     597.852     9.602    -0.765   285.936         0   -133.39337     12.12629     45.44214          0         0       0      16288     1     392          0        1   73.02  80.70  0.122  
         58.2617    48.8180393065     2.0545324990     600.888     9.586    -0.948   285.863         0   -133.50679     12.09676     45.28103          0         0       0      16288     1     392          0        1   73.07  80.74  0.122  
         58.5120    48.8180703545     2.0543933701     603.915     9.572    -1.118   285.780         0   -133.62698     12.07312     45.09714          0         0       0      16288     1     392          0        1   73.11  80.77  0.122  
         58.7623    48.8181012726     2.0542540958     606.937     9.560    -1.267   285.686         0   -133.75299     12.05492     44.89241          0         0       0      16288     1     392          0        1   73.15  80.81  0.122  
         59.0125    48.8181320287     2.0541147556     609.954     9.550    -1.392   285.583         0   -133.88357     12.04197     44.66974          0         0       0      16288     1     392          0        1   73.19  80.84  0.122  
         59.2626    48.8181626153     2.0539753285     612.967     9.542    -1.488   285.471         0   -134.01740     12.03377     44.43242          0         0       0      16288     1     392          0        1   73.23  80.88  0.122  
         59.5128    48.8181930462     2.0538357099     615.980     9.536    -1.554   285.354         0   -134.15314     12.02997     44.18392          0         0       0      16288     1     392          0        1   73.27  80.91  0.123  
         59.7631    48.8182233184     2.0536958813     618.994     9.531    -1.586   285.232         0   -134.28946     12.03021     43.92816          0         0       0      16288     1     392          0        1   73.31  80.95  0.123  
         60.0131    48.8182533808     2.0535560644     622.005     9.528    -1.584   285.109         0   -134.42480     12.03372     43.66979          0         0       0      16288     1     392          0        1   73.34  80.98  0.123  
         60.2632    48.8182832769     2.0534160565     625.018     9.527    -1.548   284.986         0   -134.55793     12.04058     43.41273          0         0       0      16288     1     392          0        1   73.38  81.01  0.123  
         60.5137    48.8183130418     2.0532757065     628.038     9.527    -1.479   284.865         0   -134.68765     12.05028     43.16101          0         0       0      16288     1     392          0        1   73.41  81.04  0.123  
         60.7637    48.8183425827     2.0531354803     631.055     9.529    -1.381   284.749         0   -134.81233     12.06282     42.91945          0         0       0      16288     1     392          0        1   73.44  81.07  0.123  
         61.0139    48.8183719871     2.0529950073     634.078     9.531    -1.255   284.639         0   -134.93130     12.07764     42.69111          0         0       0      16288     1     392          0        1   73.48  81.10  0.123  
         61.2643    48.8184012511     2.0528543623     637.106     9.535    -1.107   284.536         0   -135.04360     12.09443     42.47933          0         0       0      16288     1     392          0        1   73.51  81.12  0.123  
         61.5145    48.8184303653     2.0527136556     640.138     9.540    -0.942   284.442         0   -135.14843     12.11300     42.28688          0         0       0      16288     1     392          0        1   73.55  81.15  0.123  
         61.7837    48.8184615293     2.0525622534     643.403     9.545    -0.751   284.352         0   -135.25233     12.13451     42.10369          0         0       0      16288     1     392          0        1   73.58  81.18  0.123  
         62.0342    48.8184904291     2.0524212002     646.448     9.551    -0.566   284.279         0   -135.34065     12.15552     41.95662          0         0       0      16288     1     392          0        1   73.60  81.21  0.123  
         62.2847    48.8185192391     2.0522800420     649.498     9.558    -0.381   284.217         0   -135.42079     12.17711     41.83268          0         0       0      16288     1     392          0        1   73.63  81.23  0.123  
         62.5351    48.8185479546     2.0521388904     652.552     9.564    -0.198   284.165         0   -135.49276     12.19920     41.73193          0         0       0      16288     1     392          0        1   73.66  81.25  0.123  
         62.7852    48.8185765770     2.0519978226     655.609     9.570    -0.021   284.125         0   -135.55690     12.22111     41.65367          0         0       0      16288     1     392          0        1   73.68  81.28  0.123  
         63.0354    48.8186051601     2.0518566573     658.671     9.576     0.140   284.094         0   -135.61382     12.24259     41.59648          0         0       0      16288     1     392          0        1   73.70  81.30  0.123  
         63.2856    48.8186337179     2.0517154021     661.740     9.582     0.276   284.072         0   -135.66352     12.26436     41.56007          0         0       0      16288     1     392          0        1   73.72  81.32  0.123  
         63.5359    48.8186622599     2.0515740808     664.815     9.587     0.348   284.058         0   -135.70763     12.28581     41.53879          0         0       0      16288     1     392          0        1   73.75  81.34  0.123  
         63.7860    48.8186907722     2.0514328013     667.892     9.590     0.345   284.049         0   -135.74950     12.30480     41.52206          0         0       0      16288     1     392          0        1   73.75  81.34  0.123  
         64.0362    48.8187192788     2.0512914434     670.975     9.593     0.280   284.040         0   -135.79201     12.32078     41.50049          0         0       0      16288     1     392          0        1   73.74  81.35  0.123  
         64.2864    48.8187477701     2.0511500226     674.062     9.594     0.167   284.029         0   -135.83737     12.33278     41.46718          0         0       0      16288     1     392          0        1   73.74  81.34  0.123  
         64.5365    48.8187762296     2.0510085696     677.151     9.594     0.017   284.012         0   -135.88718     12.34137     41.41662          0         0       0      16288     1     392          0        1   73.73  81.34  0.123  
         64.7867    48.8188046541     2.0508670273     680.243     9.592    -0.162   283.985         0   -135.94250     12.34791     41.34467          0         0       0      16288     1     392          0        1   73.73  81.34  0.123  
         65.0367    48.8188330003     2.0507255276     683.333     9.589    -0.357   283.947         0   -136.00423     12.35145     41.24878          0         0       0      16288     1     392          0        1   73.72  81.34  0.123  
         65.2867    48.8188612721     2.0505839599     686.424     9.586    -0.558   283.896         0   -136.07286     12.35192     41.12749          0         0       0      16288     1     392          0        1   73.71  81.34  0.123  
         65.5368    48.8188894621     2.0504422654     689.516     9.581    -0.756   283.832         0   -136.14834     12.35006     40.98059          0         0       0      16288     1     392          0        1   73.73  81.35  0.123  
         65.7868    48.8189175324     2.0503005406     692.606     9.576    -0.942   283.756         0   -136.23036     12.34613     40.80914          0         0       0      16288     1     392          0        1   73.72  81.35  0.123  
         66.0373    48.8189455452     2.0501583811     695.703     9.571    -1.109   283.669         0   -136.31885     12.33951     40.61454          0         0       0      16288     1     392          0        1   73.71  81.35  0.123  
         66.2881    48.8189734373     2.0500160225     698.799     9.565    -1.252   283.571         0   -136.41287     12.33054     40.39976          0         0       0      16288     1     392          0        1   73.71  81.35  0.123  
         66.5386    48.8190011419     2.0498737365     701.890     9.559    -1.365   283.465         0   -136.51111     12.32049     40.16854          0         0       0      16288     1     392          0        1   73.70  81.34  0.123  
         66.7889    48.8190286595     2.0497314674     704.975     9.552    -1.448   283.353         0   -136.61298     12.30785     39.92479          0         0       0      16288     1     392          0        1   73.68  81.34  0.123  
         67.0393    48.8190560064     2.0495890906     708.057     9.546    -1.496   283.237         0   -136.71757     12.29284     39.67241          0         0       0      16288     1     392          0        1   73.67  81.33  0.123  
         67.2897    48.8190831815     2.0494465865     711.135     9.540    -1.510   283.118         0   -136.82366     12.27604     39.41572          0         0       0      16288     1     392          0        1   73.66  81.33  0.123  
         67.5398    48.8191101571     2.0493040932     714.206     9.533    -1.488   282.999         0   -136.92983     12.25907     39.15938          0         0       0      16288     1     392          0        1   73.65  81.32  0.123  
         67.7900    48.8191369645     2.0491614548     717.273     9.526    -1.433   282.882         0   -137.03551     12.24070     38.90771          0         0       0      16288     1     392          0        1   73.64  81.32  0.123  
         68.0402    48.8191635985     2.0490187244     720.336     9.520    -1.347   282.769         0   -137.13939     12.22251     38.66483          0         0       0      16288     1     392          0        1   73.63  81.31  0.123  
         68.2904    48.8191900766     2.0488758523     723.394     9.514    -1.234   282.660         0   -137.24073     12.20340     38.43460          0         0       0      16288     1     392          0        1   73.62  81.31  0.123  
         68.5407    48.8192164177     2.0487327890     726.450     9.508    -1.097   282.558         0   -137.33892     12.18356     38.22024          0         0       0      16288     1     392          0        1   73.61  81.31  0.123  
         68.7909    48.8192425986     2.0485897300     729.498     9.502    -0.943   282.465         0   -137.43310     12.16448     38.02465          0         0       0      16288     1     392          0        1   73.61  81.31  0.123  
         69.0413    48.8192686682     2.0484464877     732.544     9.496    -0.775   282.380         0   -137.52312     12.14507     37.84973          0         0       0      16288     1     392          0        1   73.60  81.31  0.123  
         69.2918    48.8192946410     2.0483030665     735.586     9.491    -0.600   282.305         0   -137.60878     12.12516     37.69689          0         0       0      16288     1     392          0        1   73.59  81.30  0.123  
         69.5423    48.8193205195     2.0481595408     738.624     9.486    -0.422   282.240         0   -137.68979     12.10551     37.56689          0         0       0      16288     1     392          0        1   73.62  81.32  0.123  
         69.7928    48.8193463166     2.0480159331     741.657     9.480    -0.246   282.186         0   -137.76618     12.08633     37.45980          0         0       0      16288     1     392          0        1   73.61  81.32  0.123  
         70.0435    48.8193720633     2.0478721604     744.686     9.475    -0.076   282.142         0   -137.83840     12.06671     37.37512          0         0       0      16288     1     392          0        1   73.60  81.32  0.123  
         70.2935    48.8193976938     2.0477286821     747.704     9.470     0.082   282.108         0   -137.90607     12.04814     37.31230          0         0       0      16288     1     392          0        1   73.60  81.32  0.123  
         70.5435    48.8194232910     2.0475851178     750.717     9.464     0.229   282.084         0   -137.97016     12.02913     37.26898          0         0       0      16288     1     392          0        1   73.60  81.32  0.123  
         70.7626    48.8194456851     2.0474593558     753.351     9.459     0.345   282.069         0   -138.02356     12.01235     37.24601          0         0       0      16288     1     392          0        1   73.59  81.32  0.123  
         71.0128    48.8194712574     2.0473156196     756.357     9.454     0.463   282.059         0   -138.08169     11.99477     37.23483          0         0       0      16288     1     392          0        1   73.59  81.32  0.123  
         71.2629    48.8194968271     2.0471718241     759.358     9.448     0.561   282.056         0   -138.13748     11.97704     37.23782          0         0       0      16288     0     392          0        1   73.58  81.33  0.123  
         71.5130    48.8195224041     2.0470279622     762.349     9.444     0.642   282.058         0   -138.21762     11.90362     37.25752          0         0       0      16288     0     392          0        1   73.59  81.33  0.123  
         71.7631    48.8195479982     2.0468840082     765.310     9.436     0.704   282.065         0   -138.34762     11.73959     37.29623          0         0       0      16288     0     392          0        1   73.63  81.37  0.123  
         72.0134    48.8195736343     2.0467398401     768.223     9.405     0.748   282.075         0   -138.52756     11.51283     37.35176          0         0       0      16288     0     392          0        1   73.73  81.45  0.123  
         72.2644    48.8195993919     2.0465950177     771.081     9.351     0.775   282.086         0   -138.75994     11.23665     37.42245          0         0       0      16288     0     392          0        1   73.84  81.53  0.124  
         72.5144    48.8196251087     2.0464504537     773.854     9.278     0.786   282.098         0   -139.04523     10.91835     37.50615          0         0       0      16288     0     392          0        1   73.98  81.65  0.124  
         72.8333    48.8196579903     2.0462656424     777.267     9.168     0.782   282.113         0   -139.48832     10.46011     37.62949          0         0       0      16288     0     392          0        1   74.23  81.84  0.124  
         73.0334    48.8196786820     2.0461493467     779.332     9.089     0.770   282.122         0   -139.80792     10.16116     37.71447          0         0       0      16288     0     392          0        1   74.42  81.99  0.124  
         73.2835    48.8197046174     2.0460035701     781.836     8.982     0.747   282.131         0   -140.21697      9.85815     37.82119          0         0       0      16288     0     392          0        1   74.67  82.19  0.125  
         73.5336    48.8197306256     2.0458573643     784.274     8.884     0.715   282.138         0   -140.63189      9.62430     37.92627          0         0       0      16288     0     392          0        1   74.98  82.43  0.125  
